TIME(sec.)  dFi2(rad)  dLm2(rad)
1.0000000000    0.0000003061    0.0000001091    
2.0000000000    -0.0000000635    0.0000129052    
3.0000000000    0.0000000326    0.0000254440    
4.0000000000    -0.0000002767    0.0000375314    
5.0000000000    -0.0000003393    0.0000505584    
6.0000000000    0.0000000128    0.0000628928    
7.0000000000    0.0000003143    0.0000756137    
8.0000000000    -0.0000003321    0.0000883519    
9.0000000000    -0.0000000629    0.0001009959    
10.0000000000    0.0000000092    0.0001135463    
11.0000000000    0.0000000359    0.0001260855    
12.0000000000    0.0000002128    0.0001387333    
13.0000000000    0.0000001429    0.0001513346    
14.0000000000    -0.0000000922    0.0001641281    
15.0000000000    0.0000001193    0.0001765851    
16.0000000000    0.0000001114    0.0001890888    
17.0000000000    -0.0000001389    0.0002017305    
18.0000000000    0.0000001845    0.0002142970    
19.0000000000    -0.0000001729    0.0002273574    
20.0000000000    0.0000000789    0.0002397303    
21.0000000000    0.0000001578    0.0002522662    
22.0000000000    -0.0000001260    0.0002650323    
23.0000000000    0.0000001095    0.0002774151    
24.0000000000    0.0000000383    0.0002902597    
25.0000000000    -0.0000000603    0.0003028864    
26.0000000000    0.0000001548    0.0003153054    
27.0000000000    0.0000001443    0.0003283241    
28.0000000000    -0.0000000092    0.0003406487    
29.0000000000    0.0000001981    0.0003537312    
30.0000000000    -0.0000002815    0.0003659967    
31.0000000000    -0.0000000954    0.0003785991    
32.0000000000    -0.0000000817    0.0003909975    
33.0000000000    -0.0000000819    0.0004037890    
34.0000000000    -0.0000001343    0.0004167035    
35.0000000000    0.0000002438    0.0004292517    
36.0000000000    0.0000001631    0.0004418197    
37.0000000000    0.0000001030    0.0004544324    
38.0000000000    0.0000001018    0.0004672001    
39.0000000000    -0.0000004712    0.0004800357    
40.0000000000    0.0000001452    0.0004922026    
41.0000000000    0.0000002170    0.0005047357    
42.0000000000    0.0000000020    0.0005172309    
43.0000000000    -0.0000001381    0.0005299066    
44.0000000000    0.0000000985    0.0005427153    
45.0000000000    -0.0000000225    0.0005552062    
46.0000000000    0.0000000609    0.0005676864    
47.0000000000    0.0000000169    0.0005808637    
48.0000000000    -0.0000000310    0.0005930739    
49.0000000000    0.0000000457    0.0006059384    
50.0000000000    0.0000002815    0.0006186432    
51.0000000000    0.0000001186    0.0006309746    
52.0000000000    -0.0000000230    0.0006435104    
53.0000000000    -0.0000000618    0.0006560954    
54.0000000000    0.0000000233    0.0006688256    
55.0000000000    0.0000001459    0.0006815655    
56.0000000000    0.0000001830    0.0006941170    
57.0000000000    -0.0000001145    0.0007067194    
58.0000000000    0.0000003570    0.0007195024    
59.0000000000    -0.0000001582    0.0007319877    
60.0000000000    -0.0000000520    0.0007446110    
61.0000000000    -0.0000001177    0.0007570799    
62.0000000000    0.0000000224    0.0007698100    
63.0000000000    0.0000000803    0.0007825193    
64.0000000000    0.0000000337    0.0007947630    
65.0000000000    -0.0000000306    0.0008075799    
66.0000000000    -0.0000001815    0.0008204108    
67.0000000000    0.0000000208    0.0008327360    
68.0000000000    -0.0000003135    0.0008456404    
69.0000000000    0.0000000830    0.0008584166    
70.0000000000    -0.0000002976    0.0008707300    
71.0000000000    0.0000001644    0.0008834589    
72.0000000000    0.0000003955    0.0008960131    
73.0000000000    0.0000000400    0.0009086350    
74.0000000000    0.0000003289    0.0009210011    
75.0000000000    -0.0000000209    0.0009338037    
76.0000000000    -0.0000000892    0.0009462932    
77.0000000000    0.0000001774    0.0009590758    
78.0000000000    -0.0000001132    0.0009714189    
79.0000000000    0.0000001158    0.0009843238    
80.0000000000    -0.0000000365    0.0009969178    
81.0000000000    -0.0000000196    0.0010094203    
82.0000000000    0.0000002678    0.0010224387    
83.0000000000    0.0000001953    0.0010347418    
84.0000000000    -0.0000000834    0.0010472701    
85.0000000000    -0.0000001443    0.0010600144    
86.0000000000    0.0000000342    0.0010725852    
87.0000000000    -0.0000003468    0.0010850885    
88.0000000000    0.0000001800    0.0010976094    
89.0000000000    0.0000001608    0.0011101631    
90.0000000000    0.0000001768    0.0011227390    
91.0000000000    -0.0000002257    0.0011357595    
92.0000000000    0.0000000754    0.0011480469    
93.0000000000    -0.0000002260    0.0011609480    
94.0000000000    0.0000000120    0.0011734518    
95.0000000000    -0.0000000690    0.0011860438    
96.0000000000    0.0000002364    0.0011982517    
97.0000000000    -0.0000001755    0.0012108148    
98.0000000000    -0.0000001405    0.0012238988    
99.0000000000    -0.0000000537    0.0012363112    
100.0000000000    0.0000001573    0.0012490424    
101.0000000000    0.0000000154    0.0012614069    
102.0000000000    -0.0000002480    0.0012742685    
103.0000000000    -0.0000000175    0.0012867248    
104.0000000000    -0.0000000091    0.0012997504    
105.0000000000    -0.0000000004    0.0013119648    
106.0000000000    0.0000003383    0.0013246118    
107.0000000000    0.0000000165    0.0013372650    
108.0000000000    0.0000000606    0.0013500531    
109.0000000000    -0.0000001769    0.0013623632    
110.0000000000    0.0000002429    0.0013751895    
111.0000000000    -0.0000001837    0.0013876636    
112.0000000000    -0.0000001294    0.0014000711    
113.0000000000    -0.0000000892    0.0014129161    
114.0000000000    -0.0000000438    0.0014256028    
115.0000000000    0.0000000694    0.0014379328    
116.0000000000    0.0000000684    0.0014506945    
117.0000000000    0.0000001134    0.0014633010    
118.0000000000    0.0000001692    0.0014758655    
119.0000000000    -0.0000000422    0.0014885678    
120.0000000000    0.0000001547    0.0015010306    
121.0000000000    -0.0000000155    0.0015134929    
122.0000000000    0.0000000522    0.0015262428    
123.0000000000    0.0000001420    0.0015389576    
124.0000000000    -0.0000001510    0.0015514262    
125.0000000000    0.0000002013    0.0015637521    
126.0000000000    -0.0000000220    0.0015767466    
127.0000000000    -0.0000002538    0.0015892192    
128.0000000000    0.0000000451    0.0016017775    
129.0000000000    -0.0000001210    0.0016142518    
130.0000000000    0.0000001201    0.0016269066    
131.0000000000    0.0000000584    0.0016399110    
132.0000000000    0.0000001095    0.0016522714    
133.0000000000    -0.0000000701    0.0016650350    
134.0000000000    -0.0000000671    0.0016774065    
135.0000000000    0.0000003762    0.0016899252    
136.0000000000    -0.0000001349    0.0017026388    
137.0000000000    -0.0000000878    0.0017151169    
138.0000000000    -0.0000000002    0.0017279417    
139.0000000000    0.0000000419    0.0017403105    
140.0000000000    0.0000001258    0.0017529885    
141.0000000000    0.0000001060    0.0017655030    
142.0000000000    0.0000001719    0.0017782209    
143.0000000000    0.0000000001    0.0017907581    
144.0000000000    -0.0000000629    0.0018035611    
145.0000000000    -0.0000000106    0.0018159245    
146.0000000000    0.0000000657    0.0018287819    
147.0000000000    0.0000000874    0.0018410962    
148.0000000000    0.0000000391    0.0018538381    
149.0000000000    0.0000000586    0.0018665237    
150.0000000000    0.0000000733    0.0018789274    
151.0000000000    -0.0000000321    0.0018918185    
152.0000000000    0.0000000548    0.0019041811    
153.0000000000    0.0000000161    0.0019167766    
154.0000000000    -0.0000000276    0.0019290394    
155.0000000000    -0.0000002768    0.0019418973    
156.0000000000    -0.0000000078    0.0019546998    
157.0000000000    0.0000001558    0.0019668926    
158.0000000000    0.0000001257    0.0019793955    
159.0000000000    -0.0000000555    0.0019923608    
160.0000000000    -0.0000000809    0.0020049243    
161.0000000000    -0.0000000371    0.0020174271    
162.0000000000    -0.0000002023    0.0020298185    
163.0000000000    0.0000001857    0.0020427463    
164.0000000000    0.0000001857    0.0020552037    
165.0000000000    0.0000000306    0.0020675101    
166.0000000000    -0.0000000796    0.0020802985    
167.0000000000    -0.0000000709    0.0020929433    
168.0000000000    0.0000001356    0.0021056669    
169.0000000000    -0.0000002165    0.0021182536    
170.0000000000    0.0000001377    0.0021307403    
171.0000000000    0.0000001161    0.0021435023    
172.0000000000    0.0000000121    0.0021558015    
173.0000000000    -0.0000001913    0.0021685757    
174.0000000000    0.0000003140    0.0021810971    
175.0000000000    -0.0000001856    0.0021938573    
176.0000000000    0.0000000152    0.0022063629    
177.0000000000    -0.0000001249    0.0022188159    
178.0000000000    -0.0000004907    0.0022315711    
179.0000000000    -0.0000000401    0.0022439672    
180.0000000000    0.0000001327    0.0022565733    
181.0000000000    0.0000001960    0.0022692993    
182.0000000000    0.0000001678    0.0022819995    
183.0000000000    -0.0000003920    0.0022943031    
184.0000000000    -0.0000001264    0.0023071388    
185.0000000000    -0.0000002175    0.0023196238    
186.0000000000    0.0000001282    0.0023320772    
187.0000000000    -0.0000002070    0.0023450299    
188.0000000000    0.0000000289    0.0023576883    
189.0000000000    -0.0000000566    0.0023702483    
190.0000000000    -0.0000001542    0.0023824578    
191.0000000000    0.0000002105    0.0023952412    
192.0000000000    0.0000000529    0.0024078833    
193.0000000000    0.0000001591    0.0024204346    
194.0000000000    0.0000001481    0.0024330561    
195.0000000000    0.0000000357    0.0024456525    
196.0000000000    -0.0000003845    0.0024584185    
197.0000000000    -0.0000001543    0.0024706450    
198.0000000000    -0.0000000569    0.0024832499    
199.0000000000    0.0000000597    0.0024959248    
200.0000000000    -0.0000001003    0.0025085336    
201.0000000000    0.0000002094    0.0025207779    
202.0000000000    0.0000001314    0.0025338324    
203.0000000000    0.0000001158    0.0025465513    
204.0000000000    0.0000003583    0.0025589020    
205.0000000000    -0.0000001108    0.0025717507    
206.0000000000    0.0000000166    0.0025842015    
207.0000000000    -0.0000000276    0.0025969237    
208.0000000000    -0.0000001849    0.0026094808    
209.0000000000    0.0000000896    0.0026218662    
210.0000000000    0.0000000431    0.0026344947    
211.0000000000    -0.0000000073    0.0026471792    
212.0000000000    -0.0000000184    0.0026599572    
213.0000000000    -0.0000001319    0.0026724178    
214.0000000000    -0.0000000687    0.0026850227    
215.0000000000    -0.0000000795    0.0026975372    
216.0000000000    0.0000001374    0.0027102952    
217.0000000000    -0.0000000838    0.0027228564    
218.0000000000    0.0000000392    0.0027354206    
219.0000000000    0.0000000310    0.0027480528    
220.0000000000    0.0000001331    0.0027605534    
221.0000000000    -0.0000001388    0.0027729166    
222.0000000000    -0.0000000360    0.0027855066    
223.0000000000    -0.0000003539    0.0027983585    
224.0000000000    0.0000000256    0.0028107746    
225.0000000000    0.0000000460    0.0028237687    
226.0000000000    -0.0000001802    0.0028363078    
227.0000000000    -0.0000001951    0.0028489547    
228.0000000000    0.0000000478    0.0028610779    
229.0000000000    0.0000001380    0.0028738386    
230.0000000000    -0.0000000423    0.0028866674    
231.0000000000    0.0000001198    0.0028992922    
232.0000000000    0.0000001435    0.0029118214    
233.0000000000    -0.0000000854    0.0029242902    
234.0000000000    0.0000003256    0.0029370700    
235.0000000000    0.0000000762    0.0029492431    
236.0000000000    0.0000000585    0.0029622314    
237.0000000000    0.0000002162    0.0029747314    
238.0000000000    -0.0000000335    0.0029873373    
239.0000000000    -0.0000000592    0.0029997635    
240.0000000000    -0.0000003145    0.0030124382    
241.0000000000    0.0000000917    0.0030251568    
242.0000000000    0.0000002472    0.0030373222    
243.0000000000    0.0000000522    0.0030500365    
244.0000000000    -0.0000000656    0.0030630137    
245.0000000000    0.0000001022    0.0030754860    
246.0000000000    0.0000001523    0.0030879561    
247.0000000000    0.0000002275    0.0031004685    
248.0000000000    -0.0000000714    0.0031131866    
249.0000000000    0.0000001121    0.0031257694    
250.0000000000    0.0000000437    0.0031383069    
251.0000000000    0.0000001240    0.0031510610    
252.0000000000    -0.0000001278    0.0031636620    
253.0000000000    -0.0000002373    0.0031760135    
254.0000000000    0.0000000192    0.0031887918    
255.0000000000    -0.0000000150    0.0032014269    
256.0000000000    0.0000002043    0.0032139597    
257.0000000000    0.0000001618    0.0032269343    
258.0000000000    -0.0000000576    0.0032390125    
259.0000000000    0.0000001841    0.0032516410    
260.0000000000    0.0000001401    0.0032643477    
261.0000000000    0.0000000204    0.0032770297    
262.0000000000    -0.0000002466    0.0032894019    
263.0000000000    0.0000000738    0.0033017700    
264.0000000000    -0.0000000415    0.0033146231    
265.0000000000    -0.0000001017    0.0033276362    
266.0000000000    0.0000001093    0.0033399562    
267.0000000000    -0.0000001634    0.0033524759    
268.0000000000    -0.0000002292    0.0033650877    
269.0000000000    0.0000002468    0.0033777740    
270.0000000000    -0.0000000605    0.0033902469    
271.0000000000    0.0000000470    0.0034030346    
272.0000000000    -0.0000001207    0.0034153290    
273.0000000000    -0.0000004165    0.0034279136    
274.0000000000    -0.0000002671    0.0034404824    
275.0000000000    0.0000001601    0.0034532018    
276.0000000000    0.0000000699    0.0034657795    
277.0000000000    0.0000003236    0.0034784040    
278.0000000000    -0.0000000102    0.0034911491    
279.0000000000    -0.0000001686    0.0035037561    
280.0000000000    -0.0000000409    0.0035164360    
281.0000000000    0.0000001973    0.0035288037    
282.0000000000    -0.0000002070    0.0035414135    
283.0000000000    0.0000000302    0.0035542511    
284.0000000000    -0.0000001895    0.0035666411    
285.0000000000    0.0000000850    0.0035790338    
286.0000000000    -0.0000000634    0.0035916866    
287.0000000000    -0.0000001107    0.0036043440    
288.0000000000    0.0000001060    0.0036169495    
289.0000000000    -0.0000000657    0.0036297586    
290.0000000000    -0.0000000906    0.0036421401    
291.0000000000    0.0000001057    0.0036547058    
292.0000000000    0.0000000174    0.0036674049    
293.0000000000    -0.0000000932    0.0036797934    
294.0000000000    0.0000001711    0.0036925601    
295.0000000000    -0.0000002278    0.0037053173    
296.0000000000    0.0000000917    0.0037179436    
297.0000000000    -0.0000001981    0.0037303469    
298.0000000000    0.0000000163    0.0037428876    
299.0000000000    0.0000001901    0.0037552476    
300.0000000000    0.0000000638    0.0037680494    
301.0000000000    0.0000000395    0.0037807739    
302.0000000000    0.0000002145    0.0037932657    
303.0000000000    0.0000000429    0.0038057924    
304.0000000000    -0.0000000659    0.0038188129    
305.0000000000    -0.0000000649    0.0038309446    
306.0000000000    0.0000000960    0.0038433599    
307.0000000000    -0.0000000652    0.0038560992    
308.0000000000    -0.0000002465    0.0038687260    
309.0000000000    -0.0000002401    0.0038813819    
310.0000000000    -0.0000001558    0.0038941426    
311.0000000000    -0.0000001882    0.0039067634    
312.0000000000    0.0000000353    0.0039192729    
313.0000000000    -0.0000000355    0.0039319969    
314.0000000000    0.0000001396    0.0039444715    
315.0000000000    0.0000000298    0.0039571727    
316.0000000000    -0.0000001459    0.0039695969    
317.0000000000    0.0000000182    0.0039821314    
318.0000000000    -0.0000003279    0.0039946910    
319.0000000000    0.0000003043    0.0040073783    
320.0000000000    0.0000002244    0.0040198293    
321.0000000000    0.0000001245    0.0040325347    
322.0000000000    0.0000001228    0.0040450939    
323.0000000000    0.0000002249    0.0040576686    
324.0000000000    -0.0000001275    0.0040703463    
325.0000000000    0.0000000169    0.0040827377    
326.0000000000    -0.0000002394    0.0040953022    
327.0000000000    0.0000002344    0.0041080427    
328.0000000000    -0.0000000556    0.0041204807    
329.0000000000    0.0000000135    0.0041334332    
330.0000000000    -0.0000001487    0.0041459804    
331.0000000000    -0.0000000444    0.0041581282    
332.0000000000    0.0000001273    0.0041709421    
333.0000000000    0.0000000749    0.0041835080    
334.0000000000    0.0000000891    0.0041959476    
335.0000000000    0.0000001885    0.0042084122    
336.0000000000    0.0000000601    0.0042211465    
337.0000000000    -0.0000000585    0.0042337852    
338.0000000000    0.0000001026    0.0042464384    
339.0000000000    -0.0000000093    0.0042590456    
340.0000000000    -0.0000001198    0.0042714557    
341.0000000000    0.0000001498    0.0042842042    
342.0000000000    0.0000000536    0.0042967740    
343.0000000000    0.0000000032    0.0043093059    
344.0000000000    -0.0000000863    0.0043218736    
345.0000000000    0.0000000692    0.0043344628    
346.0000000000    -0.0000002983    0.0043468372    
347.0000000000    -0.0000001602    0.0043596718    
348.0000000000    0.0000001111    0.0043720295    
349.0000000000    0.0000000615    0.0043845747    
350.0000000000    0.0000000849    0.0043975609    
351.0000000000    0.0000001531    0.0044098687    
352.0000000000    -0.0000000803    0.0044223612    
353.0000000000    -0.0000002197    0.0044352969    
354.0000000000    0.0000002554    0.0044473021    
355.0000000000    -0.0000000330    0.0044602407    
356.0000000000    0.0000001046    0.0044727170    
357.0000000000    0.0000001503    0.0044853238    
358.0000000000    0.0000002223    0.0044977897    
359.0000000000    0.0000001641    0.0045104707    
360.0000000000    0.0000002330    0.0045230536    
361.0000000000    0.0000000920    0.0045351944    
362.0000000000    -0.0000000566    0.0045482287    
363.0000000000    -0.0000000496    0.0045606065    
364.0000000000    -0.0000001766    0.0045730820    
365.0000000000    -0.0000001781    0.0045858362    
366.0000000000    -0.0000001063    0.0045984168    
367.0000000000    0.0000001025    0.0046108190    
368.0000000000    -0.0000000291    0.0046237399    
369.0000000000    0.0000003237    0.0046359625    
370.0000000000    0.0000000456    0.0046486287    
371.0000000000    0.0000002499    0.0046615692    
372.0000000000    -0.0000000459    0.0046738713    
373.0000000000    -0.0000000729    0.0046864652    
374.0000000000    -0.0000000103    0.0046989874    
375.0000000000    0.0000000624    0.0047114216    
376.0000000000    0.0000000215    0.0047238523    
377.0000000000    0.0000003039    0.0047363744    
378.0000000000    -0.0000000994    0.0047492897    
379.0000000000    -0.0000002013    0.0047616984    
380.0000000000    0.0000002237    0.0047741036    
381.0000000000    0.0000001445    0.0047872079    
382.0000000000    0.0000002144    0.0047991043    
383.0000000000    -0.0000000734    0.0048122108    
384.0000000000    -0.0000001781    0.0048239997    
385.0000000000    0.0000000877    0.0048370926    
386.0000000000    -0.0000000987    0.0048497265    
387.0000000000    0.0000000935    0.0048622464    
388.0000000000    0.0000001136    0.0048749746    
389.0000000000    0.0000001771    0.0048872083    
390.0000000000    0.0000002028    0.0048996176    
391.0000000000    -0.0000002129    0.0049122173    
392.0000000000    -0.0000000013    0.0049247757    
393.0000000000    -0.0000000664    0.0049372901    
394.0000000000    -0.0000001977    0.0049500851    
395.0000000000    0.0000001196    0.0049624242    
396.0000000000    0.0000000201    0.0049748456    
397.0000000000    0.0000002363    0.0049875182    
398.0000000000    -0.0000002378    0.0050002912    
399.0000000000    0.0000000242    0.0050128415    
400.0000000000    0.0000000914    0.0050253080    
401.0000000000    -0.0000002190    0.0050379719    
402.0000000000    0.0000001225    0.0050501983    
403.0000000000    -0.0000000254    0.0050627431    
404.0000000000    -0.0000002499    0.0050754195    
405.0000000000    -0.0000000680    0.0050884024    
406.0000000000    0.0000001383    0.0051004257    
407.0000000000    0.0000002055    0.0051131386    
408.0000000000    0.0000000149    0.0051255201    
409.0000000000    0.0000000455    0.0051379463    
410.0000000000    0.0000000340    0.0051508498    
411.0000000000    -0.0000001091    0.0051629174    
412.0000000000    -0.0000000618    0.0051757093    
413.0000000000    -0.0000000318    0.0051880110    
414.0000000000    -0.0000002600    0.0052007272    
415.0000000000    -0.0000004299    0.0052130220    
416.0000000000    -0.0000000280    0.0052259122    
417.0000000000    -0.0000000027    0.0052382608    
418.0000000000    0.0000000715    0.0052508178    
419.0000000000    0.0000000730    0.0052634399    
420.0000000000    -0.0000000561    0.0052762874    
421.0000000000    -0.0000000955    0.0052885739    
422.0000000000    -0.0000001119    0.0053012602    
423.0000000000    0.0000001507    0.0053134540    
424.0000000000    -0.0000003225    0.0053259954    
425.0000000000    -0.0000002187    0.0053386668    
426.0000000000    -0.0000000279    0.0053509531    
427.0000000000    -0.0000001488    0.0053639802    
428.0000000000    0.0000003935    0.0053764004    
429.0000000000    -0.0000002417    0.0053888086    
430.0000000000    0.0000001250    0.0054012014    
431.0000000000    0.0000000466    0.0054138712    
432.0000000000    -0.0000001238    0.0054265548    
433.0000000000    -0.0000000264    0.0054389105    
434.0000000000    0.0000001738    0.0054514817    
435.0000000000    -0.0000002634    0.0054638956    
436.0000000000    0.0000002645    0.0054764231    
437.0000000000    -0.0000001066    0.0054894757    
438.0000000000    -0.0000000250    0.0055012231    
439.0000000000    -0.0000000038    0.0055139306    
440.0000000000    0.0000000495    0.0055264918    
441.0000000000    0.0000000236    0.0055393472    
442.0000000000    -0.0000000353    0.0055515931    
443.0000000000    0.0000001430    0.0055641547    
444.0000000000    -0.0000002671    0.0055766021    
445.0000000000    -0.0000000082    0.0055893449    
446.0000000000    -0.0000001957    0.0056017532    
447.0000000000    0.0000000735    0.0056140495    
448.0000000000    0.0000001637    0.0056268077    
449.0000000000    -0.0000001059    0.0056394509    
450.0000000000    -0.0000000263    0.0056517831    
451.0000000000    -0.0000000492    0.0056644917    
452.0000000000    0.0000000605    0.0056768283    
453.0000000000    -0.0000001039    0.0056891975    
454.0000000000    0.0000000264    0.0057017970    
455.0000000000    0.0000000714    0.0057146291    
456.0000000000    -0.0000001124    0.0057268500    
457.0000000000    0.0000000416    0.0057396108    
458.0000000000    0.0000000197    0.0057519860    
459.0000000000    -0.0000000169    0.0057644024    
460.0000000000    0.0000000674    0.0057769455    
461.0000000000    0.0000001406    0.0057894802    
462.0000000000    -0.0000000373    0.0058023177    
463.0000000000    0.0000001236    0.0058147053    
464.0000000000    -0.0000000331    0.0058270785    
465.0000000000    -0.0000000278    0.0058397999    
466.0000000000    0.0000000805    0.0058521483    
467.0000000000    -0.0000002297    0.0058647064    
468.0000000000    -0.0000000917    0.0058773166    
469.0000000000    -0.0000000611    0.0058894515    
470.0000000000    0.0000001084    0.0059020265    
471.0000000000    0.0000001418    0.0059146734    
472.0000000000    0.0000000158    0.0059271328    
473.0000000000    0.0000002838    0.0059396331    
474.0000000000    0.0000000741    0.0059523474    
475.0000000000    0.0000000795    0.0059647115    
476.0000000000    0.0000000922    0.0059772680    
477.0000000000    -0.0000001542    0.0059897344    
478.0000000000    0.0000000445    0.0060022868    
479.0000000000    -0.0000001302    0.0060147534    
480.0000000000    0.0000000245    0.0060272884    
481.0000000000    0.0000000672    0.0060397726    
482.0000000000    -0.0000000552    0.0060521747    
483.0000000000    0.0000003286    0.0060649157    
484.0000000000    -0.0000000742    0.0060772193    
485.0000000000    -0.0000000443    0.0060896132    
486.0000000000    0.0000000145    0.0061020963    
487.0000000000    0.0000000590    0.0061147239    
488.0000000000    -0.0000001675    0.0061272205    
489.0000000000    -0.0000000358    0.0061397925    
490.0000000000    0.0000000859    0.0061522793    
491.0000000000    -0.0000002236    0.0061650835    
492.0000000000    -0.0000000407    0.0061774621    
493.0000000000    0.0000002112    0.0061896337    
494.0000000000    0.0000001424    0.0062022476    
495.0000000000    0.0000002241    0.0062147181    
496.0000000000    -0.0000000145    0.0062273791    
497.0000000000    -0.0000002935    0.0062399703    
498.0000000000    0.0000002068    0.0062523258    
499.0000000000    -0.0000000629    0.0062648337    
500.0000000000    0.0000000848    0.0062773313    
501.0000000000    -0.0000001760    0.0062895648    
502.0000000000    -0.0000001848    0.0063021246    
503.0000000000    -0.0000000889    0.0063148321    
504.0000000000    0.0000000322    0.0063275454    
505.0000000000    -0.0000001605    0.0063398932    
506.0000000000    -0.0000000103    0.0063521965    
507.0000000000    0.0000002147    0.0063646699    
508.0000000000    -0.0000001518    0.0063776779    
509.0000000000    -0.0000000918    0.0063899533    
510.0000000000    -0.0000002823    0.0064021221    
511.0000000000    0.0000000016    0.0064147813    
512.0000000000    -0.0000002555    0.0064277550    
513.0000000000    -0.0000001622    0.0064398374    
514.0000000000    -0.0000000902    0.0064520302    
515.0000000000    0.0000000197    0.0064647260    
516.0000000000    -0.0000001755    0.0064773932    
517.0000000000    -0.0000000856    0.0064896387    
518.0000000000    -0.0000001979    0.0065023223    
519.0000000000    0.0000000443    0.0065146805    
520.0000000000    0.0000000504    0.0065272251    
521.0000000000    0.0000002184    0.0065398562    
522.0000000000    -0.0000001101    0.0065525400    
523.0000000000    0.0000002746    0.0065648912    
524.0000000000    0.0000000527    0.0065772828    
525.0000000000    -0.0000002300    0.0065898074    
526.0000000000    0.0000000517    0.0066019603    
527.0000000000    0.0000001816    0.0066145735    
528.0000000000    -0.0000001447    0.0066270519    
529.0000000000    -0.0000000209    0.0066395801    
530.0000000000    -0.0000001648    0.0066521765    
531.0000000000    0.0000000949    0.0066648679    
532.0000000000    0.0000002403    0.0066770255    
533.0000000000    0.0000000701    0.0066899297    
534.0000000000    0.0000000467    0.0067024088    
535.0000000000    0.0000000436    0.0067146422    
536.0000000000    -0.0000000175    0.0067270039    
537.0000000000    0.0000000521    0.0067397103    
538.0000000000    0.0000001130    0.0067520782    
539.0000000000    0.0000000519    0.0067647591    
540.0000000000    0.0000002258    0.0067771989    
541.0000000000    -0.0000001775    0.0067896345    
542.0000000000    -0.0000000259    0.0068023081    
543.0000000000    0.0000000035    0.0068145934    
544.0000000000    -0.0000002265    0.0068266077    
545.0000000000    0.0000001664    0.0068398714    
546.0000000000    0.0000000263    0.0068521624    
547.0000000000    0.0000002875    0.0068644610    
548.0000000000    0.0000002052    0.0068771239    
549.0000000000    -0.0000003968    0.0068894001    
550.0000000000    -0.0000000552    0.0069020535    
551.0000000000    -0.0000000549    0.0069144979    
552.0000000000    -0.0000002652    0.0069269785    
553.0000000000    -0.0000000886    0.0069397282    
554.0000000000    -0.0000001262    0.0069521056    
555.0000000000    -0.0000001938    0.0069647821    
556.0000000000    0.0000001369    0.0069770641    
557.0000000000    -0.0000001939    0.0069895908    
558.0000000000    -0.0000002803    0.0070020873    
559.0000000000    -0.0000000669    0.0070145062    
560.0000000000    -0.0000000404    0.0070269601    
561.0000000000    0.0000001853    0.0070394911    
562.0000000000    -0.0000001177    0.0070521619    
563.0000000000    0.0000000079    0.0070645260    
564.0000000000    -0.0000001644    0.0070770791    
565.0000000000    -0.0000000655    0.0070898763    
566.0000000000    0.0000002553    0.0071018062    
567.0000000000    0.0000001673    0.0071145423    
568.0000000000    -0.0000000555    0.0071268976    
569.0000000000    0.0000000833    0.0071394621    
570.0000000000    -0.0000002400    0.0071518790    
571.0000000000    -0.0000000364    0.0071646966    
572.0000000000    0.0000001680    0.0071770982    
573.0000000000    -0.0000002009    0.0071893655    
574.0000000000    -0.0000001153    0.0072018647    
575.0000000000    -0.0000000808    0.0072145128    
576.0000000000    0.0000000220    0.0072268571    
577.0000000000    0.0000000061    0.0072393699    
578.0000000000    0.0000001006    0.0072518488    
579.0000000000    -0.0000000549    0.0072642284    
580.0000000000    -0.0000000579    0.0072768600    
581.0000000000    -0.0000001995    0.0072894119    
582.0000000000    -0.0000002387    0.0073021697    
583.0000000000    0.0000001961    0.0073144170    
584.0000000000    0.0000001028    0.0073267208    
585.0000000000    0.0000000972    0.0073392625    
586.0000000000    0.0000003136    0.0073517383    
587.0000000000    0.0000000273    0.0073641521    
588.0000000000    0.0000000107    0.0073767367    
589.0000000000    0.0000000190    0.0073893254    
590.0000000000    0.0000000806    0.0074019154    
591.0000000000    -0.0000001533    0.0074144775    
592.0000000000    -0.0000000705    0.0074266369    
593.0000000000    0.0000000747    0.0074393529    
594.0000000000    0.0000001170    0.0074519740    
595.0000000000    -0.0000002363    0.0074642896    
596.0000000000    0.0000001854    0.0074767207    
597.0000000000    0.0000000560    0.0074893645    
598.0000000000    -0.0000000930    0.0075017711    
599.0000000000    0.0000001631    0.0075143730    
600.0000000000    -0.0000002099    0.0075268193    
601.0000000000    0.0000001803    0.0075393634    
602.0000000000    -0.0000000329    0.0075513827    
603.0000000000    0.0000002632    0.0075643019    
604.0000000000    0.0000001336    0.0075767784    
605.0000000000    0.0000002474    0.0075888397    
606.0000000000    -0.0000000657    0.0076015841    
607.0000000000    0.0000000683    0.0076141738    
608.0000000000    -0.0000001505    0.0076266213    
609.0000000000    0.0000001505    0.0076390447    
610.0000000000    0.0000001250    0.0076512978    
611.0000000000    0.0000001357    0.0076642671    
612.0000000000    -0.0000000797    0.0076765766    
613.0000000000    0.0000000281    0.0076891227    
614.0000000000    -0.0000000532    0.0077016596    
615.0000000000    0.0000000390    0.0077141290    
616.0000000000    0.0000001117    0.0077262666    
617.0000000000    -0.0000001160    0.0077387465    
618.0000000000    -0.0000001010    0.0077513784    
619.0000000000    -0.0000000317    0.0077639980    
620.0000000000    0.0000001650    0.0077765811    
621.0000000000    0.0000003719    0.0077889380    
622.0000000000    0.0000003034    0.0078016145    
623.0000000000    -0.0000002268    0.0078137267    
624.0000000000    0.0000002035    0.0078261517    
625.0000000000    -0.0000001455    0.0078391661    
626.0000000000    0.0000000713    0.0078515092    
627.0000000000    0.0000000686    0.0078638223    
628.0000000000    -0.0000000837    0.0078762180    
629.0000000000    0.0000001115    0.0078888492    
630.0000000000    -0.0000000838    0.0079011664    
631.0000000000    0.0000000050    0.0079142827    
632.0000000000    0.0000001238    0.0079263944    
633.0000000000    0.0000002223    0.0079385165    
634.0000000000    -0.0000001337    0.0079512757    
635.0000000000    0.0000000168    0.0079637165    
636.0000000000    0.0000004015    0.0079761149    
637.0000000000    0.0000000914    0.0079884753    
638.0000000000    -0.0000001045    0.0080013380    
639.0000000000    -0.0000001037    0.0080134937    
640.0000000000    -0.0000000827    0.0080263804    
641.0000000000    -0.0000000018    0.0080386786    
642.0000000000    0.0000000516    0.0080514579    
643.0000000000    -0.0000001032    0.0080641021    
644.0000000000    -0.0000000833    0.0080760690    
645.0000000000    -0.0000000134    0.0080886431    
646.0000000000    0.0000000080    0.0081012384    
647.0000000000    0.0000001439    0.0081134803    
648.0000000000    0.0000001367    0.0081259597    
649.0000000000    -0.0000001538    0.0081389358    
650.0000000000    -0.0000000507    0.0081513104    
651.0000000000    0.0000001393    0.0081636724    
652.0000000000    0.0000001586    0.0081760143    
653.0000000000    0.0000002274    0.0081884341    
654.0000000000    -0.0000002736    0.0082008720    
655.0000000000    0.0000000761    0.0082137915    
656.0000000000    -0.0000001864    0.0082260389    
657.0000000000    -0.0000000195    0.0082384163    
658.0000000000    -0.0000000371    0.0082509782    
659.0000000000    -0.0000000288    0.0082633042    
660.0000000000    -0.0000000792    0.0082759819    
661.0000000000    -0.0000000254    0.0082887126    
662.0000000000    -0.0000000182    0.0083011368    
663.0000000000    -0.0000002040    0.0083134438    
664.0000000000    0.0000001359    0.0083260471    
665.0000000000    -0.0000000712    0.0083384365    
666.0000000000    -0.0000001177    0.0083510564    
667.0000000000    0.0000001423    0.0083635956    
668.0000000000    -0.0000000888    0.0083759072    
669.0000000000    0.0000000007    0.0083886280    
670.0000000000    -0.0000001545    0.0084009841    
671.0000000000    -0.0000001405    0.0084135065    
672.0000000000    -0.0000000158    0.0084260773    
673.0000000000    -0.0000000252    0.0084384418    
674.0000000000    -0.0000001231    0.0084510472    
675.0000000000    -0.0000000395    0.0084633559    
676.0000000000    -0.0000000376    0.0084759284    
677.0000000000    0.0000001328    0.0084883931    
678.0000000000    -0.0000000599    0.0085011089    
679.0000000000    -0.0000000319    0.0085132954    
680.0000000000    0.0000003397    0.0085257507    
681.0000000000    0.0000000985    0.0085381054    
682.0000000000    -0.0000002117    0.0085508275    
683.0000000000    -0.0000000231    0.0085633870    
684.0000000000    0.0000000261    0.0085760331    
685.0000000000    0.0000001210    0.0085885103    
686.0000000000    0.0000001133    0.0086008987    
687.0000000000    0.0000002063    0.0086133415    
688.0000000000    0.0000000261    0.0086257967    
689.0000000000    -0.0000000411    0.0086383160    
690.0000000000    0.0000001851    0.0086507202    
691.0000000000    0.0000002720    0.0086634621    
692.0000000000    -0.0000000283    0.0086760277    
693.0000000000    -0.0000000998    0.0086884960    
694.0000000000    -0.0000002523    0.0087009369    
695.0000000000    -0.0000000513    0.0087136186    
696.0000000000    0.0000001205    0.0087260396    
697.0000000000    -0.0000001021    0.0087384148    
698.0000000000    -0.0000000977    0.0087503855    
699.0000000000    0.0000000290    0.0087632342    
700.0000000000    0.0000000658    0.0087759883    
701.0000000000    0.0000002022    0.0087883002    
702.0000000000    -0.0000000809    0.0088011155    
703.0000000000    0.0000002087    0.0088135927    
704.0000000000    0.0000000178    0.0088263674    
705.0000000000    0.0000002580    0.0088382186    
706.0000000000    -0.0000000947    0.0088509223    
707.0000000000    -0.0000002277    0.0088635121    
708.0000000000    -0.0000001394    0.0088757391    
709.0000000000    -0.0000000169    0.0088884049    
710.0000000000    0.0000001390    0.0089010440    
711.0000000000    0.0000000879    0.0089135651    
712.0000000000    -0.0000000911    0.0089258964    
713.0000000000    -0.0000000338    0.0089385224    
714.0000000000    0.0000000300    0.0089511955    
715.0000000000    0.0000001575    0.0089636124    
716.0000000000    0.0000002457    0.0089761866    
717.0000000000    0.0000000010    0.0089882240    
718.0000000000    -0.0000000434    0.0090008438    
719.0000000000    -0.0000003215    0.0090130649    
720.0000000000    0.0000001827    0.0090260006    
721.0000000000    -0.0000000838    0.0090388424    
722.0000000000    -0.0000001621    0.0090509506    
723.0000000000    -0.0000001636    0.0090636204    
724.0000000000    -0.0000001680    0.0090759392    
725.0000000000    0.0000002341    0.0090884539    
726.0000000000    0.0000000479    0.0091011278    
727.0000000000    0.0000000834    0.0091136145    
728.0000000000    0.0000002497    0.0091261726    
729.0000000000    0.0000003844    0.0091385787    
730.0000000000    -0.0000000276    0.0091510133    
731.0000000000    -0.0000000598    0.0091633515    
732.0000000000    0.0000000917    0.0091762802    
733.0000000000    -0.0000000997    0.0091885962    
734.0000000000    -0.0000002643    0.0092011292    
735.0000000000    0.0000001162    0.0092138003    
736.0000000000    -0.0000000863    0.0092259893    
737.0000000000    0.0000001961    0.0092388365    
738.0000000000    -0.0000000502    0.0092512685    
739.0000000000    0.0000000029    0.0092634893    
740.0000000000    -0.0000001445    0.0092762268    
741.0000000000    0.0000001308    0.0092886144    
742.0000000000    0.0000001648    0.0093012414    
743.0000000000    -0.0000002189    0.0093138494    
744.0000000000    -0.0000001245    0.0093264242    
745.0000000000    0.0000000960    0.0093389592    
746.0000000000    -0.0000002243    0.0093511496    
747.0000000000    0.0000002349    0.0093640532    
748.0000000000    -0.0000000345    0.0093764084    
749.0000000000    -0.0000000932    0.0093887316    
750.0000000000    0.0000003183    0.0094016450    
751.0000000000    0.0000002292    0.0094137711    
752.0000000000    0.0000000628    0.0094264190    
753.0000000000    -0.0000000205    0.0094388055    
754.0000000000    -0.0000001166    0.0094515225    
755.0000000000    0.0000000975    0.0094641628    
756.0000000000    -0.0000002258    0.0094767912    
757.0000000000    -0.0000004366    0.0094889623    
758.0000000000    0.0000000209    0.0095012331    
759.0000000000    0.0000003298    0.0095140300    
760.0000000000    0.0000000363    0.0095264820    
761.0000000000    0.0000001901    0.0095391564    
762.0000000000    0.0000001742    0.0095517522    
763.0000000000    -0.0000001007    0.0095642000    
764.0000000000    -0.0000003843    0.0095769404    
765.0000000000    0.0000003223    0.0095889948    
766.0000000000    -0.0000001311    0.0096017466    
767.0000000000    -0.0000000895    0.0096142184    
768.0000000000    0.0000002054    0.0096267853    
769.0000000000    -0.0000002344    0.0096396001    
770.0000000000    0.0000001006    0.0096518990    
771.0000000000    0.0000001576    0.0096645745    
772.0000000000    -0.0000001152    0.0096769899    
773.0000000000    0.0000000410    0.0096895129    
774.0000000000    -0.0000004042    0.0097017058    
775.0000000000    0.0000000012    0.0097146745    
776.0000000000    0.0000000483    0.0097270830    
777.0000000000    -0.0000001881    0.0097397131    
778.0000000000    0.0000000387    0.0097524113    
779.0000000000    -0.0000002721    0.0097648181    
780.0000000000    0.0000000305    0.0097769855    
781.0000000000    0.0000001700    0.0097896400    
782.0000000000    0.0000000956    0.0098020520    
783.0000000000    -0.0000000972    0.0098146776    
784.0000000000    -0.0000000470    0.0098275644    
785.0000000000    -0.0000000423    0.0098397949    
786.0000000000    -0.0000001064    0.0098524160    
787.0000000000    -0.0000003003    0.0098649871    
788.0000000000    0.0000001029    0.0098774928    
789.0000000000    -0.0000000276    0.0098900303    
790.0000000000    -0.0000003401    0.0099026184    
791.0000000000    0.0000001803    0.0099154873    
792.0000000000    0.0000001418    0.0099276172    
793.0000000000    -0.0000000133    0.0099401071    
794.0000000000    -0.0000000876    0.0099528611    
795.0000000000    0.0000001003    0.0099654929    
796.0000000000    0.0000000153    0.0099781361    
797.0000000000    -0.0000000279    0.0099907589    
798.0000000000    0.0000002167    0.0100030279    
799.0000000000    0.0000003092    0.0100155330    
800.0000000000    -0.0000000778    0.0100281561    
801.0000000000    -0.0000002681    0.0100406153    
802.0000000000    -0.0000000397    0.0100531963    
803.0000000000    0.0000001662    0.0100656140    
804.0000000000    0.0000001640    0.0100780120    
805.0000000000    -0.0000001470    0.0100907597    
806.0000000000    0.0000000975    0.0101032992    
807.0000000000    0.0000000338    0.0101160525    
808.0000000000    0.0000001264    0.0101283011    
809.0000000000    -0.0000000424    0.0101410995    
810.0000000000    0.0000001344    0.0101537036    
811.0000000000    -0.0000000681    0.0101660969    
812.0000000000    0.0000001302    0.0101785892    
813.0000000000    -0.0000002888    0.0101913386    
814.0000000000    -0.0000000168    0.0102036513    
815.0000000000    0.0000000940    0.0102161856    
816.0000000000    -0.0000000229    0.0102292624    
817.0000000000    -0.0000001299    0.0102417215    
818.0000000000    0.0000000976    0.0102538545    
819.0000000000    -0.0000000121    0.0102665788    
820.0000000000    0.0000002881    0.0102790513    
821.0000000000    0.0000001506    0.0102917146    
822.0000000000    -0.0000002317    0.0103043682    
823.0000000000    0.0000000439    0.0103166518    
824.0000000000    -0.0000000470    0.0103294868    
825.0000000000    -0.0000000810    0.0103419707    
826.0000000000    -0.0000001585    0.0103545444    
827.0000000000    0.0000000821    0.0103667816    
828.0000000000    -0.0000000340    0.0103794247    
829.0000000000    -0.0000001684    0.0103919251    
830.0000000000    0.0000000482    0.0104044238    
831.0000000000    0.0000001372    0.0104172456    
832.0000000000    -0.0000001228    0.0104297498    
833.0000000000    0.0000002990    0.0104423236    
834.0000000000    0.0000000586    0.0104548476    
835.0000000000    -0.0000001950    0.0104672744    
836.0000000000    -0.0000004867    0.0104800490    
837.0000000000    -0.0000000541    0.0104921098    
838.0000000000    0.0000001405    0.0105048478    
839.0000000000    0.0000000259    0.0105177544    
840.0000000000    -0.0000001023    0.0105303481    
841.0000000000    -0.0000000458    0.0105424495    
842.0000000000    0.0000002089    0.0105554094    
843.0000000000    0.0000002462    0.0105678387    
844.0000000000    0.0000000391    0.0105803363    
845.0000000000    -0.0000001229    0.0105929862    
846.0000000000    0.0000000390    0.0106055839    
847.0000000000    0.0000001350    0.0106178630    
848.0000000000    -0.0000000242    0.0106306586    
849.0000000000    -0.0000000791    0.0106431864    
850.0000000000    -0.0000004211    0.0106555716    
851.0000000000    -0.0000000846    0.0106680982    
852.0000000000    0.0000000231    0.0106808013    
853.0000000000    -0.0000003737    0.0106932320    
854.0000000000    -0.0000001270    0.0107057701    
855.0000000000    0.0000000253    0.0107185077    
856.0000000000    -0.0000001853    0.0107309319    
857.0000000000    0.0000000675    0.0107434091    
858.0000000000    -0.0000000956    0.0107563183    
859.0000000000    0.0000000368    0.0107686953    
860.0000000000    -0.0000003046    0.0107809101    
861.0000000000    -0.0000001614    0.0107940599    
862.0000000000    0.0000000135    0.0108064320    
863.0000000000    -0.0000000209    0.0108190581    
864.0000000000    0.0000001956    0.0108314975    
865.0000000000    -0.0000000058    0.0108439968    
866.0000000000    0.0000002673    0.0108567793    
867.0000000000    -0.0000000238    0.0108691956    
868.0000000000    -0.0000000145    0.0108819096    
869.0000000000    -0.0000000674    0.0108943266    
870.0000000000    -0.0000000171    0.0109069580    
871.0000000000    -0.0000001584    0.0109195314    
872.0000000000    0.0000000448    0.0109321029    
873.0000000000    0.0000001296    0.0109447648    
874.0000000000    0.0000002014    0.0109571609    
875.0000000000    -0.0000000779    0.0109695172    
876.0000000000    0.0000001520    0.0109825887    
877.0000000000    0.0000001048    0.0109946838    
878.0000000000    -0.0000000417    0.0110073050    
879.0000000000    -0.0000000238    0.0110198930    
880.0000000000    0.0000001588    0.0110325334    
881.0000000000    0.0000001771    0.0110450648    
882.0000000000    0.0000002146    0.0110576290    
883.0000000000    0.0000002703    0.0110700723    
884.0000000000    -0.0000000723    0.0110827073    
885.0000000000    0.0000000435    0.0110956183    
886.0000000000    -0.0000000306    0.0111081196    
887.0000000000    0.0000003419    0.0111202016    
888.0000000000    0.0000000427    0.0111329819    
889.0000000000    0.0000001442    0.0111455203    
890.0000000000    -0.0000000899    0.0111581679    
891.0000000000    0.0000000033    0.0111705370    
892.0000000000    0.0000000824    0.0111832704    
893.0000000000    -0.0000000552    0.0111957500    
894.0000000000    0.0000001424    0.0112083818    
895.0000000000    0.0000001267    0.0112207599    
896.0000000000    0.0000000791    0.0112334830    
897.0000000000    0.0000000721    0.0112459437    
898.0000000000    0.0000001403    0.0112587896    
899.0000000000    0.0000000280    0.0112711902    
900.0000000000    0.0000000199    0.0112836677    
901.0000000000    0.0000000868    0.0112963141    
902.0000000000    0.0000002561    0.0113088663    
903.0000000000    0.0000000754    0.0113215996    
904.0000000000    -0.0000002408    0.0113338941    
905.0000000000    0.0000000312    0.0113462069    
906.0000000000    0.0000000577    0.0113588461    
907.0000000000    -0.0000001246    0.0113716768    
908.0000000000    -0.0000001486    0.0113844609    
909.0000000000    0.0000005204    0.0113967284    
910.0000000000    0.0000000408    0.0114093385    
911.0000000000    -0.0000001744    0.0114216822    
912.0000000000    0.0000001783    0.0114344100    
913.0000000000    -0.0000001160    0.0114469605    
914.0000000000    0.0000000835    0.0114594995    
915.0000000000    0.0000001841    0.0114720313    
916.0000000000    0.0000000785    0.0114844950    
917.0000000000    -0.0000002457    0.0114972306    
918.0000000000    -0.0000001550    0.0115099208    
919.0000000000    0.0000001002    0.0115221350    
920.0000000000    -0.0000000837    0.0115345381    
921.0000000000    0.0000002068    0.0115471561    
922.0000000000    0.0000003183    0.0115600336    
923.0000000000    0.0000001625    0.0115726078    
924.0000000000    -0.0000000472    0.0115852547    
925.0000000000    -0.0000001470    0.0115978355    
926.0000000000    -0.0000000414    0.0116100588    
927.0000000000    0.0000000096    0.0116227348    
928.0000000000    -0.0000002773    0.0116352630    
929.0000000000    0.0000000457    0.0116477038    
930.0000000000    -0.0000003941    0.0116604633    
931.0000000000    -0.0000003230    0.0116728565    
932.0000000000    0.0000002480    0.0116852356    
933.0000000000    0.0000000817    0.0116980484    
934.0000000000    -0.0000000377    0.0117103352    
935.0000000000    -0.0000000854    0.0117228308    
936.0000000000    -0.0000000385    0.0117357493    
937.0000000000    -0.0000000104    0.0117483519    
938.0000000000    0.0000001468    0.0117604385    
939.0000000000    -0.0000000370    0.0117734914    
940.0000000000    0.0000001077    0.0117859648    
941.0000000000    -0.0000001222    0.0117981252    
942.0000000000    -0.0000001075    0.0118106789    
943.0000000000    -0.0000001035    0.0118230984    
944.0000000000    0.0000001325    0.0118360880    
945.0000000000    -0.0000000454    0.0118485210    
946.0000000000    -0.0000002196    0.0118609713    
947.0000000000    0.0000001048    0.0118735822    
948.0000000000    0.0000000382    0.0118860145    
949.0000000000    0.0000002819    0.0118985247    
950.0000000000    -0.0000001110    0.0119111630    
951.0000000000    0.0000000258    0.0119234968    
952.0000000000    -0.0000003157    0.0119359682    
953.0000000000    -0.0000001984    0.0119487928    
954.0000000000    0.0000001432    0.0119614139    
955.0000000000    0.0000000737    0.0119739238    
956.0000000000    -0.0000002053    0.0119865148    
957.0000000000    -0.0000001955    0.0119989741    
958.0000000000    -0.0000001592    0.0120113126    
959.0000000000    -0.0000003164    0.0120240361    
960.0000000000    0.0000002302    0.0120363168    
961.0000000000    0.0000002594    0.0120488466    
962.0000000000    0.0000001064    0.0120616518    
963.0000000000    -0.0000002633    0.0120738901    
964.0000000000    0.0000002791    0.0120866761    
965.0000000000    -0.0000001021    0.0120990821    
966.0000000000    0.0000000467    0.0121114943    
967.0000000000    -0.0000001975    0.0121242835    
968.0000000000    -0.0000001624    0.0121366821    
969.0000000000    -0.0000001443    0.0121495835    
970.0000000000    -0.0000002905    0.0121617147    
971.0000000000    -0.0000000896    0.0121743220    
972.0000000000    -0.0000000957    0.0121867906    
973.0000000000    -0.0000000906    0.0121994195    
974.0000000000    0.0000002581    0.0122119808    
975.0000000000    -0.0000001676    0.0122241730    
976.0000000000    0.0000001108    0.0122364806    
977.0000000000    -0.0000000180    0.0122493711    
978.0000000000    0.0000002045    0.0122618007    
979.0000000000    0.0000000306    0.0122746997    
980.0000000000    -0.0000001103    0.0122869961    
981.0000000000    0.0000002472    0.0122995250    
982.0000000000    -0.0000002489    0.0123121153    
983.0000000000    0.0000000367    0.0123245514    
984.0000000000    -0.0000001650    0.0123367479    
985.0000000000    -0.0000000918    0.0123493776    
986.0000000000    -0.0000003608    0.0123617875    
987.0000000000    0.0000000901    0.0123745339    
988.0000000000    0.0000000801    0.0123870720    
989.0000000000    -0.0000001498    0.0123994779    
990.0000000000    0.0000000166    0.0124119880    
991.0000000000    -0.0000001349    0.0124248702    
992.0000000000    -0.0000000150    0.0124370151    
993.0000000000    0.0000000240    0.0124494443    
994.0000000000    -0.0000000147    0.0124621232    
995.0000000000    0.0000001560    0.0124744622    
996.0000000000    -0.0000001493    0.0124872659    
997.0000000000    -0.0000001880    0.0124996748    
998.0000000000    -0.0000000099    0.0125119462    
999.0000000000    0.0000000713    0.0125248805    
1000.0000000000    -0.0000001389    0.0125371246    
