TIME(sec.)  dFi_corr(rad)  dLm_corr(rad) dVn_corr dVe_corr
1.0000000000    -0.0000003061    -0.0000000965    -0.2176039608    -0.1654873507    
2.0000000000    0.0000000007    -0.0000000030    -0.0536521323    0.0046317419    
3.0000000000    -0.0000000002    -0.0000000012    -0.1349742166    0.0061960807    
4.0000000000    0.0000000010    0.0000000011    -0.1670638369    0.0127260014    
5.0000000000    0.0000000010    -0.0000000003    -0.1524601311    0.0109001493    
6.0000000000    -0.0000000001    0.0000000005    -0.1269210155    0.0044225737    
7.0000000000    -0.0000000008    0.0000000002    -0.1004292757    -0.0048557058    
8.0000000000    0.0000000008    -0.0000000001    -0.0810861843    -0.0123513757    
9.0000000000    0.0000000001    -0.0000000002    -0.0642399971    -0.0215519298    
10.0000000000    -0.0000000000    -0.0000000000    -0.0482102491    -0.0306880605    
11.0000000000    -0.0000000001    0.0000000001    -0.0306428992    -0.0405799502    
12.0000000000    -0.0000000004    0.0000000001    -0.0133037158    -0.0515800999    
13.0000000000    -0.0000000003    0.0000000001    -0.0083618342    -0.0664238965    
14.0000000000    0.0000000002    -0.0000000003    -0.0156694152    -0.0845927984    
15.0000000000    -0.0000000003    0.0000000000    -0.0439886134    -0.1004254441    
16.0000000000    -0.0000000003    0.0000000003    -0.0701094034    -0.1159301299    
17.0000000000    0.0000000002    0.0000000003    -0.0880987054    -0.1150683664    
18.0000000000    -0.0000000004    0.0000000003    -0.0541686249    -0.0936033388    
19.0000000000    0.0000000003    -0.0000000005    -0.0024858660    -0.0712978289    
20.0000000000    -0.0000000002    -0.0000000000    0.0305214999    -0.0678612280    
21.0000000000    -0.0000000003    0.0000000002    0.0538707050    -0.0666739354    
22.0000000000    0.0000000002    -0.0000000001    0.0588066814    -0.0689174966    
23.0000000000    -0.0000000002    0.0000000004    0.0637504973    -0.0684462582    
24.0000000000    -0.0000000001    -0.0000000001    0.0563125723    -0.0668645347    
25.0000000000    0.0000000001    -0.0000000000    0.0487298228    -0.0695437174    
26.0000000000    -0.0000000003    0.0000000003    0.0486614574    -0.0658776222    
27.0000000000    -0.0000000003    -0.0000000004    0.0454474346    -0.0626594859    
28.0000000000    -0.0000000000    0.0000000002    0.0435415426    -0.0612847881    
29.0000000000    -0.0000000004    -0.0000000007    0.0455038512    -0.0594078780    
30.0000000000    0.0000000006    -0.0000000000    0.0441065375    -0.0563934009    
31.0000000000    0.0000000002    0.0000000000    0.0454306961    -0.0545638745    
32.0000000000    0.0000000002    0.0000000005    0.0388974166    -0.0529382635    
33.0000000000    0.0000000001    0.0000000002    0.0293288728    -0.0478573228    
34.0000000000    0.0000000002    -0.0000000004    0.0237404567    -0.0453095707    
35.0000000000    -0.0000000005    -0.0000000002    0.0182395402    -0.0437808496    
36.0000000000    -0.0000000003    -0.0000000001    0.0102308760    -0.0450157142    
37.0000000000    -0.0000000002    -0.0000000001    0.0026547643    -0.0455531202    
38.0000000000    -0.0000000002    -0.0000000004    -0.0043101785    -0.0473428818    
39.0000000000    0.0000000009    -0.0000000008    -0.0087069259    -0.0462300253    
40.0000000000    -0.0000000003    0.0000000001    -0.0165979269    -0.0439097428    
41.0000000000    -0.0000000004    0.0000000002    -0.0255702267    -0.0438489782    
42.0000000000    -0.0000000000    0.0000000005    -0.0312785418    -0.0441016281    
43.0000000000    0.0000000002    0.0000000004    -0.0363892733    -0.0456827646    
44.0000000000    -0.0000000002    0.0000000000    -0.0375832654    -0.0427278250    
45.0000000000    -0.0000000000    0.0000000002    -0.0410101878    -0.0444906158    
46.0000000000    -0.0000000002    0.0000000005    -0.0477603730    -0.0411400545    
47.0000000000    -0.0000000001    -0.0000000005    -0.0497964610    -0.0421938721    
48.0000000000    0.0000000000    0.0000000002    -0.0535952969    -0.0423573108    
49.0000000000    -0.0000000001    -0.0000000002    -0.0565004155    -0.0390538827    
50.0000000000    -0.0000000006    -0.0000000004    -0.0584024637    -0.0414188396    
51.0000000000    -0.0000000003    0.0000000001    -0.0550663373    -0.0405442580    
52.0000000000    -0.0000000000    0.0000000003    -0.0525153555    -0.0395963761    
53.0000000000    0.0000000001    0.0000000004    -0.0490223723    -0.0368890914    
54.0000000000    -0.0000000001    0.0000000002    -0.0513267748    -0.0369006657    
55.0000000000    -0.0000000003    -0.0000000000    -0.0497209513    -0.0340424916    
56.0000000000    -0.0000000004    0.0000000000    -0.0509082385    -0.0314941355    
57.0000000000    0.0000000002    0.0000000001    -0.0472558410    -0.0267993882    
58.0000000000    -0.0000000007    -0.0000000002    -0.0462162720    -0.0262535681    
59.0000000000    0.0000000002    0.0000000000    -0.0432574225    -0.0233777710    
60.0000000000    0.0000000000    0.0000000000    -0.0404738190    -0.0199079726    
61.0000000000    0.0000000002    0.0000000003    -0.0355299119    -0.0149535094    
62.0000000000    -0.0000000001    0.0000000001    -0.0316167247    -0.0171939381    
63.0000000000    -0.0000000002    -0.0000000001    -0.0328374417    -0.0172323857    
64.0000000000    -0.0000000001    0.0000000005    -0.0307720737    -0.0152561118    
65.0000000000    0.0000000000    0.0000000002    -0.0280684346    -0.0148315108    
66.0000000000    0.0000000003    -0.0000000002    -0.0238085076    -0.0113932067    
67.0000000000    -0.0000000001    0.0000000003    -0.0239523243    -0.0116739524    
68.0000000000    0.0000000005    -0.0000000001    -0.0216276412    -0.0104807566    
69.0000000000    -0.0000000002    -0.0000000004    -0.0191515100    -0.0105074770    
70.0000000000    0.0000000005    0.0000000001    -0.0201218435    -0.0127188561    
71.0000000000    -0.0000000003    -0.0000000001    -0.0208338033    -0.0098941859    
72.0000000000    -0.0000000007    -0.0000000001    -0.0166479670    -0.0079145847    
73.0000000000    -0.0000000001    -0.0000000001    -0.0171130020    -0.0065508826    
74.0000000000    -0.0000000006    0.0000000003    -0.0183438865    -0.0069742908    
75.0000000000    -0.0000000000    0.0000000001    -0.0137443153    -0.0055922616    
76.0000000000    0.0000000001    0.0000000002    -0.0158395093    -0.0042250846    
77.0000000000    -0.0000000003    -0.0000000000    -0.0139099069    -0.0041620602    
78.0000000000    0.0000000002    0.0000000004    -0.0116494626    -0.0022152073    
79.0000000000    -0.0000000002    -0.0000000001    -0.0105998907    0.0003929782    
80.0000000000    0.0000000000    -0.0000000000    -0.0098669794    0.0024372996    
81.0000000000    -0.0000000000    0.0000000001    -0.0100417509    0.0033058831    
82.0000000000    -0.0000000005    -0.0000000005    -0.0099391492    0.0024912210    
83.0000000000    -0.0000000003    -0.0000000000    -0.0071374897    0.0032270465    
84.0000000000    0.0000000001    0.0000000001    -0.0049873248    0.0052360335    
85.0000000000    0.0000000002    -0.0000000001    -0.0042615654    0.0066365495    
86.0000000000    -0.0000000001    -0.0000000000    -0.0057337818    0.0074910381    
87.0000000000    0.0000000005    0.0000000001    -0.0062947253    0.0088061616    
88.0000000000    -0.0000000003    0.0000000002    -0.0066736737    0.0089927195    
89.0000000000    -0.0000000003    0.0000000003    -0.0065093816    0.0098652472    
90.0000000000    -0.0000000003    0.0000000003    -0.0070015190    0.0113882410    
91.0000000000    0.0000000003    -0.0000000002    -0.0089644730    0.0113135549    
92.0000000000    -0.0000000002    0.0000000002    -0.0089529780    0.0104140939    
93.0000000000    0.0000000003    -0.0000000002    -0.0087244413    0.0118623703    
94.0000000000    -0.0000000001    -0.0000000001    -0.0080821042    0.0141597651    
95.0000000000    0.0000000000    -0.0000000001    -0.0095365536    0.0142080845    
96.0000000000    -0.0000000004    0.0000000005    -0.0110155778    0.0156659546    
97.0000000000    0.0000000002    0.0000000006    -0.0082819873    0.0173399739    
98.0000000000    0.0000000001    -0.0000000001    -0.0065083784    0.0169163712    
99.0000000000    0.0000000000    0.0000000002    -0.0054386752    0.0172533166    
100.0000000000    -0.0000000003    -0.0000000000    -0.0064701087    0.0170768066    
101.0000000000    -0.0000000001    0.0000000003    -0.0059868874    0.0188420439    
102.0000000000    0.0000000003    -0.0000000000    -0.0068841833    0.0189965291    
103.0000000000    -0.0000000000    0.0000000002    -0.0062922370    0.0187298381    
104.0000000000    -0.0000000001    -0.0000000004    -0.0057378351    0.0190305518    
105.0000000000    -0.0000000000    0.0000000001    -0.0038196962    0.0197152617    
106.0000000000    -0.0000000005    0.0000000000    -0.0020423653    0.0193575689    
107.0000000000    -0.0000000001    -0.0000000000    -0.0026872078    0.0198881307    
108.0000000000    -0.0000000001    -0.0000000002    -0.0017471379    0.0183428034    
109.0000000000    0.0000000002    0.0000000001    -0.0026907739    0.0191483405    
110.0000000000    -0.0000000004    -0.0000000002    -0.0019026831    0.0206525453    
111.0000000000    0.0000000002    0.0000000000    -0.0003628126    0.0218734822    
112.0000000000    0.0000000001    0.0000000003    0.0012016928    0.0211221403    
113.0000000000    0.0000000001    -0.0000000000    0.0018686768    0.0220758089    
114.0000000000    0.0000000000    -0.0000000001    0.0025729234    0.0237063801    
115.0000000000    -0.0000000001    0.0000000002    0.0021760522    0.0249390210    
116.0000000000    -0.0000000001    -0.0000000000    0.0036999728    0.0252294580    
117.0000000000    -0.0000000002    -0.0000000000    0.0044846367    0.0260606833    
118.0000000000    -0.0000000002    0.0000000000    0.0043375753    0.0266031990    
119.0000000000    0.0000000000    -0.0000000001    0.0045566426    0.0285492062    
120.0000000000    -0.0000000002    0.0000000001    0.0048955296    0.0299402375    
121.0000000000    -0.0000000000    0.0000000002    0.0045499075    0.0312114049    
122.0000000000    -0.0000000001    0.0000000000    0.0063136713    0.0333927194    
123.0000000000    -0.0000000002    -0.0000000001    0.0065892776    0.0328688314    
124.0000000000    0.0000000001    0.0000000001    0.0078219137    0.0338870750    
125.0000000000    -0.0000000003    0.0000000004    0.0082549798    0.0339585465    
126.0000000000    -0.0000000000    -0.0000000001    0.0083786186    0.0344076309    
127.0000000000    0.0000000003    0.0000000001    0.0075215072    0.0343395242    
128.0000000000    -0.0000000001    0.0000000001    0.0066160541    0.0339057614    
129.0000000000    0.0000000001    0.0000000002    0.0076656840    0.0334360895    
130.0000000000    -0.0000000002    0.0000000002    0.0086308339    0.0334756309    
131.0000000000    -0.0000000001    -0.0000000003    0.0096826948    0.0344307669    
132.0000000000    -0.0000000002    -0.0000000000    0.0108609627    0.0360147189    
133.0000000000    0.0000000000    -0.0000000002    0.0120492347    0.0350917653    
134.0000000000    0.0000000000    0.0000000001    0.0116272933    0.0352321696    
135.0000000000    -0.0000000004    0.0000000001    0.0121312769    0.0354034578    
136.0000000000    0.0000000001    0.0000000000    0.0118181477    0.0357537909    
137.0000000000    0.0000000001    0.0000000001    0.0125311130    0.0360865969    
138.0000000000    -0.0000000000    -0.0000000001    0.0139428856    0.0363887156    
139.0000000000    -0.0000000001    0.0000000001    0.0147864442    0.0356088441    
140.0000000000    -0.0000000002    0.0000000000    0.0151982840    0.0361127308    
141.0000000000    -0.0000000001    0.0000000001    0.0158351574    0.0351003202    
142.0000000000    -0.0000000002    0.0000000000    0.0165695072    0.0347139712    
143.0000000000    -0.0000000000    0.0000000001    0.0166550869    0.0345402908    
144.0000000000    0.0000000000    -0.0000000001    0.0180036747    0.0340989155    
145.0000000000    -0.0000000000    0.0000000001    0.0191394531    0.0342847442    
146.0000000000    -0.0000000001    -0.0000000002    0.0190668998    0.0345649366    
147.0000000000    -0.0000000001    0.0000000001    0.0200692460    0.0345326146    
148.0000000000    -0.0000000001    -0.0000000000    0.0206679323    0.0347689821    
149.0000000000    -0.0000000001    -0.0000000001    0.0219314588    0.0348065858    
150.0000000000    -0.0000000001    0.0000000001    0.0221814652    0.0349548315    
151.0000000000    0.0000000000    -0.0000000002    0.0232690630    0.0351501050    
152.0000000000    -0.0000000001    -0.0000000000    0.0234392917    0.0351587174    
153.0000000000    -0.0000000000    -0.0000000000    0.0235107778    0.0349048514    
154.0000000000    0.0000000000    0.0000000003    0.0243750690    0.0354951682    
155.0000000000    0.0000000003    0.0000000001    0.0248099026    0.0353360627    
156.0000000000    -0.0000000000    -0.0000000001    0.0258502183    0.0357139902    
157.0000000000    -0.0000000002    0.0000000002    0.0264482175    0.0363066771    
158.0000000000    -0.0000000001    0.0000000003    0.0274320505    0.0356818726    
159.0000000000    0.0000000000    -0.0000000000    0.0283206098    0.0353113038    
160.0000000000    0.0000000001    0.0000000000    0.0285286646    0.0352517811    
161.0000000000    0.0000000000    0.0000000001    0.0301307853    0.0351763524    
162.0000000000    0.0000000002    0.0000000003    0.0313046898    0.0353925030    
163.0000000000    -0.0000000002    -0.0000000000    0.0324261572    0.0354069607    
164.0000000000    -0.0000000002    0.0000000001    0.0332690612    0.0356501227    
165.0000000000    -0.0000000000    0.0000000004    0.0342339002    0.0357920828    
166.0000000000    0.0000000001    0.0000000002    0.0356054279    0.0348299555    
167.0000000000    0.0000000001    0.0000000001    0.0368212182    0.0349744713    
168.0000000000    -0.0000000001    0.0000000000    0.0382210046    0.0342417566    
169.0000000000    0.0000000002    0.0000000000    0.0393192381    0.0326785682    
170.0000000000    -0.0000000001    0.0000000001    0.0400544124    0.0323059387    
171.0000000000    -0.0000000001    -0.0000000000    0.0410575526    0.0323457886    
172.0000000000    0.0000000000    0.0000000002    0.0413801019    0.0314586731    
173.0000000000    0.0000000002    0.0000000001    0.0426007655    0.0312697835    
174.0000000000    -0.0000000003    0.0000000001    0.0437610699    0.0299715025    
175.0000000000    0.0000000002    -0.0000000000    0.0447476197    0.0288688756    
176.0000000000    0.0000000000    0.0000000001    0.0457218605    0.0296341101    
177.0000000000    0.0000000001    0.0000000002    0.0467023584    0.0295422514    
178.0000000000    0.0000000005    0.0000000000    0.0478152135    0.0286056442    
179.0000000000    0.0000000001    0.0000000002    0.0492210851    0.0279366629    
180.0000000000    -0.0000000001    0.0000000002    0.0502440402    0.0274404181    
181.0000000000    -0.0000000002    0.0000000001    0.0514227012    0.0274031909    
182.0000000000    -0.0000000001    0.0000000000    0.0534807704    0.0265505299    
183.0000000000    0.0000000004    0.0000000003    0.0549982889    0.0266819381    
184.0000000000    0.0000000001    0.0000000001    0.0564321849    0.0262082011    
185.0000000000    0.0000000002    0.0000000001    0.0581064153    0.0263273226    
186.0000000000    -0.0000000001    0.0000000003    0.0601428769    0.0256503916    
187.0000000000    0.0000000002    -0.0000000000    0.0613709280    0.0249139428    
188.0000000000    0.0000000000    -0.0000000001    0.0621247698    0.0245317119    
189.0000000000    0.0000000001    -0.0000000001    0.0632581977    0.0244077112    
190.0000000000    0.0000000002    0.0000000003    0.0649772993    0.0243256550    
191.0000000000    -0.0000000001    0.0000000001    0.0670032877    0.0240265685    
192.0000000000    0.0000000000    0.0000000001    0.0679163256    0.0236414344    
193.0000000000    -0.0000000001    0.0000000001    0.0689458475    0.0235359035    
194.0000000000    -0.0000000001    0.0000000001    0.0707857148    0.0234214168    
195.0000000000    0.0000000000    0.0000000001    0.0716339190    0.0231269975    
196.0000000000    0.0000000004    -0.0000000001    0.0726038466    0.0221960268    
197.0000000000    0.0000000002    0.0000000002    0.0744970452    0.0217985875    
198.0000000000    0.0000000001    0.0000000002    0.0750979072    0.0214845840    
199.0000000000    0.0000000000    0.0000000002    0.0762734126    0.0206808587    
200.0000000000    0.0000000002    0.0000000001    0.0772628707    0.0203118077    
201.0000000000    -0.0000000001    0.0000000004    0.0781332887    0.0199190998    
202.0000000000    -0.0000000001    0.0000000001    0.0790585785    0.0198352253    
203.0000000000    -0.0000000000    -0.0000000000    0.0806977110    0.0198387009    
204.0000000000    -0.0000000003    0.0000000002    0.0822527992    0.0191376222    
205.0000000000    0.0000000002    -0.0000000001    0.0828495648    0.0187771728    
206.0000000000    0.0000000001    0.0000000001    0.0843939531    0.0182820022    
207.0000000000    0.0000000001    -0.0000000000    0.0851448097    0.0174124420    
208.0000000000    0.0000000002    -0.0000000000    0.0866303463    0.0163505567    
209.0000000000    -0.0000000000    0.0000000002    0.0878162458    0.0156241578    
210.0000000000    0.0000000000    0.0000000001    0.0883498676    0.0150084581    
211.0000000000    0.0000000001    0.0000000001    0.0895258826    0.0146442509    
212.0000000000    0.0000000001    -0.0000000001    0.0908801248    0.0146675265    
213.0000000000    0.0000000002    0.0000000000    0.0915575538    0.0139379272    
214.0000000000    0.0000000001    0.0000000000    0.0929337673    0.0133542206    
215.0000000000    0.0000000002    0.0000000001    0.0942493985    0.0134944318    
216.0000000000    -0.0000000000    -0.0000000000    0.0957460679    0.0131961044    
217.0000000000    0.0000000002    -0.0000000000    0.0967731685    0.0128646579    
218.0000000000    0.0000000001    0.0000000000    0.0974268341    0.0133111636    
219.0000000000    0.0000000001    -0.0000000000    0.0983921162    0.0129164608    
220.0000000000    -0.0000000000    0.0000000001    0.0991492594    0.0121219351    
221.0000000000    0.0000000002    0.0000000002    0.0997308253    0.0119094503    
222.0000000000    0.0000000001    0.0000000002    0.1005327815    0.0112544354    
223.0000000000    0.0000000004    0.0000000000    0.1009156682    0.0106438525    
224.0000000000    0.0000000001    0.0000000002    0.1018785570    0.0108707819    
225.0000000000    0.0000000001    -0.0000000001    0.1028269687    0.0102231134    
226.0000000000    0.0000000003    -0.0000000001    0.1047145759    0.0095267644    
227.0000000000    0.0000000003    -0.0000000001    0.1055534016    0.0083297900    
228.0000000000    0.0000000001    0.0000000002    0.1058400999    0.0078747912    
229.0000000000    -0.0000000000    0.0000000001    0.1057685247    0.0069784726    
230.0000000000    0.0000000001    -0.0000000001    0.1071209294    0.0063913045    
231.0000000000    -0.0000000000    -0.0000000001    0.1081558534    0.0054826468    
232.0000000000    -0.0000000000    -0.0000000001    0.1083182290    0.0051521108    
233.0000000000    0.0000000002    0.0000000000    0.1091598529    0.0048093023    
234.0000000000    -0.0000000002    -0.0000000001    0.1094332884    0.0045032164    
235.0000000000    0.0000000000    0.0000000002    0.1101827262    0.0035762764    
236.0000000000    0.0000000001    -0.0000000001    0.1111397921    0.0027090590    
237.0000000000    -0.0000000001    -0.0000000000    0.1112038995    0.0024118417    
238.0000000000    0.0000000001    -0.0000000000    0.1115393851    0.0014248631    
239.0000000000    0.0000000002    0.0000000001    0.1120361794    0.0009786338    
240.0000000000    0.0000000004    0.0000000000    0.1132680345    0.0005577708    
241.0000000000    0.0000000000    -0.0000000000    0.1137171107    -0.0004467165    
242.0000000000    -0.0000000001    0.0000000003    0.1143081586    -0.0007646874    
243.0000000000    0.0000000001    0.0000000002    0.1146911275    -0.0013103700    
244.0000000000    0.0000000002    -0.0000000001    0.1152083339    -0.0024415362    
245.0000000000    0.0000000000    -0.0000000000    0.1158830503    -0.0032948960    
246.0000000000    -0.0000000000    0.0000000001    0.1161369815    -0.0040833793    
247.0000000000    -0.0000000001    0.0000000002    0.1171700718    -0.0048414310    
248.0000000000    0.0000000002    0.0000000001    0.1171006845    -0.0056310808    
249.0000000000    0.0000000000    0.0000000001    0.1170463348    -0.0061255764    
250.0000000000    0.0000000001    0.0000000001    0.1175691148    -0.0071312778    
251.0000000000    0.0000000000    -0.0000000000    0.1174327839    -0.0075723607    
252.0000000000    0.0000000002    -0.0000000000    0.1173550005    -0.0080708076    
253.0000000000    0.0000000003    0.0000000002    0.1181137958    -0.0086654497    
254.0000000000    0.0000000001    0.0000000000    0.1179541083    -0.0089930402    
255.0000000000    0.0000000001    -0.0000000000    0.1177298362    -0.0095228071    
256.0000000000    -0.0000000001    0.0000000000    0.1174792372    -0.0101944144    
257.0000000000    -0.0000000000    -0.0000000003    0.1173337923    -0.0104845547    
258.0000000000    0.0000000002    0.0000000002    0.1179336632    -0.0114766931    
259.0000000000    -0.0000000000    0.0000000001    0.1182219212    -0.0121130103    
260.0000000000    -0.0000000000    0.0000000000    0.1193538268    -0.0134131900    
261.0000000000    0.0000000001    -0.0000000000    0.1193228891    -0.0144539914    
262.0000000000    0.0000000004    0.0000000001    0.1192081803    -0.0150046958    
263.0000000000    0.0000000001    0.0000000003    0.1194327855    -0.0158783426    
264.0000000000    0.0000000002    0.0000000001    0.1196019273    -0.0161539803    
265.0000000000    0.0000000002    -0.0000000002    0.1197261812    -0.0167414419    
266.0000000000    0.0000000000    0.0000000000    0.1189738970    -0.0179196916    
267.0000000000    0.0000000003    0.0000000001    0.1186534183    -0.0187007295    
268.0000000000    0.0000000003    0.0000000001    0.1178971019    -0.0195677616    
269.0000000000    -0.0000000001    -0.0000000000    0.1182909072    -0.0199912310    
270.0000000000    0.0000000002    0.0000000001    0.1180204824    -0.0205450637    
271.0000000000    0.0000000001    -0.0000000001    0.1177044611    -0.0211686822    
272.0000000000    0.0000000002    0.0000000002    0.1176817873    -0.0215497885    
273.0000000000    0.0000000005    0.0000000002    0.1170767497    -0.0224121731    
274.0000000000    0.0000000004    0.0000000002    0.1167655315    -0.0228946455    
275.0000000000    -0.0000000000    0.0000000001    0.1157263112    -0.0231776378    
276.0000000000    0.0000000001    0.0000000001    0.1158327155    -0.0237708827    
277.0000000000    -0.0000000002    0.0000000001    0.1151543634    -0.0248394474    
278.0000000000    0.0000000001    -0.0000000000    0.1146794525    -0.0258484184    
279.0000000000    0.0000000003    -0.0000000001    0.1142903108    -0.0262325039    
280.0000000000    0.0000000002    -0.0000000001    0.1142403076    -0.0271849191    
281.0000000000    -0.0000000001    0.0000000000    0.1134089956    -0.0275007850    
282.0000000000    0.0000000003    0.0000000000    0.1132808795    -0.0282424723    
283.0000000000    0.0000000001    -0.0000000002    0.1127784964    -0.0290625793    
284.0000000000    0.0000000003    -0.0000000000    0.1124829498    -0.0296531663    
285.0000000000    0.0000000000    0.0000000002    0.1120379063    -0.0303793983    
286.0000000000    0.0000000002    0.0000000001    0.1107650363    -0.0309291847    
287.0000000000    0.0000000002    0.0000000001    0.1106551225    -0.0310215209    
288.0000000000    0.0000000000    0.0000000000    0.1099669396    -0.0316958362    
289.0000000000    0.0000000002    -0.0000000001    0.1089471435    -0.0327044507    
290.0000000000    0.0000000002    0.0000000000    0.1083644396    -0.0336185951    
291.0000000000    0.0000000000    0.0000000001    0.1075237100    -0.0344034488    
292.0000000000    0.0000000001    -0.0000000000    0.1064003620    -0.0348832261    
293.0000000000    0.0000000002    0.0000000001    0.1050513972    -0.0359887874    
294.0000000000    -0.0000000000    0.0000000000    0.1038484114    -0.0374648131    
295.0000000000    0.0000000003    -0.0000000001    0.1031649319    -0.0384357208    
296.0000000000    0.0000000000    -0.0000000002    0.1020745493    -0.0390861836    
297.0000000000    0.0000000003    -0.0000000000    0.1008040700    -0.0393382730    
298.0000000000    0.0000000001    0.0000000000    0.0999520054    -0.0400417477    
299.0000000000    -0.0000000001    0.0000000002    0.0989823391    -0.0399800693    
300.0000000000    0.0000000001    0.0000000000    0.0981275918    -0.0406170246    
301.0000000000    0.0000000001    -0.0000000001    0.0964762618    -0.0413844572    
302.0000000000    -0.0000000001    0.0000000000    0.0954389618    -0.0418408287    
303.0000000000    0.0000000001    0.0000000001    0.0940762687    -0.0424515094    
304.0000000000    0.0000000002    -0.0000000003    0.0929330761    -0.0427427046    
305.0000000000    0.0000000002    0.0000000001    0.0915589222    -0.0432602024    
306.0000000000    0.0000000000    0.0000000002    0.0897470373    -0.0429460218    
307.0000000000    0.0000000002    0.0000000001    0.0880262762    -0.0429223365    
308.0000000000    0.0000000003    0.0000000001    0.0865989174    -0.0430400994    
309.0000000000    0.0000000003    0.0000000000    0.0855102237    -0.0432317372    
310.0000000000    0.0000000002    -0.0000000001    0.0838293055    -0.0434989790    
311.0000000000    0.0000000003    -0.0000000002    0.0822797827    -0.0446148590    
312.0000000000    0.0000000001    -0.0000000001    0.0812844956    -0.0446223260    
313.0000000000    0.0000000001    -0.0000000002    0.0807074918    -0.0450692808    
314.0000000000    -0.0000000000    -0.0000000001    0.0789164041    -0.0454501341    
315.0000000000    0.0000000001    -0.0000000002    0.0777952922    -0.0465471472    
316.0000000000    0.0000000002    -0.0000000001    0.0765398314    -0.0465852633    
317.0000000000    0.0000000001    -0.0000000000    0.0750365756    -0.0468635583    
318.0000000000    0.0000000004    -0.0000000000    0.0736785486    -0.0473353782    
319.0000000000    -0.0000000002    -0.0000000001    0.0723667690    -0.0480367637    
320.0000000000    -0.0000000001    0.0000000000    0.0712207453    -0.0485378279    
321.0000000000    -0.0000000000    -0.0000000001    0.0702086443    -0.0487752173    
322.0000000000    -0.0000000000    -0.0000000001    0.0689682471    -0.0486972671    
323.0000000000    -0.0000000001    -0.0000000001    0.0678109797    -0.0492772199    
324.0000000000    0.0000000002    -0.0000000001    0.0667008831    -0.0498236970    
325.0000000000    0.0000000001    0.0000000000    0.0659194569    -0.0492008997    
326.0000000000    0.0000000003    0.0000000000    0.0642670953    -0.0493619476    
327.0000000000    -0.0000000001    -0.0000000001    0.0629090313    -0.0495341685    
328.0000000000    0.0000000001    0.0000000000    0.0611403839    -0.0503453917    
329.0000000000    0.0000000001    -0.0000000003    0.0597138780    -0.0500719035    
330.0000000000    0.0000000002    -0.0000000003    0.0586339635    -0.0512291035    
331.0000000000    0.0000000001    0.0000000001    0.0571918205    -0.0510146381    
332.0000000000    -0.0000000000    -0.0000000001    0.0555650843    -0.0507719045    
333.0000000000    0.0000000000    -0.0000000001    0.0548972807    -0.0509497486    
334.0000000000    -0.0000000000    0.0000000000    0.0533861340    -0.0519061041    
335.0000000000    -0.0000000001    0.0000000001    0.0521621026    -0.0520257754    
336.0000000000    0.0000000000    -0.0000000000    0.0507802486    -0.0524861420    
337.0000000000    0.0000000001    -0.0000000001    0.0489287600    -0.0521909923    
338.0000000000    -0.0000000000    -0.0000000001    0.0476103054    -0.0520015557    
339.0000000000    0.0000000001    -0.0000000001    0.0461760771    -0.0519330704    
340.0000000000    0.0000000001    -0.0000000000    0.0441573148    -0.0514387985    
341.0000000000    -0.0000000001    -0.0000000001    0.0423657415    -0.0512362995    
342.0000000000    0.0000000000    -0.0000000001    0.0410751314    -0.0509373408    
343.0000000000    0.0000000000    -0.0000000001    0.0397073157    -0.0509878854    
344.0000000000    0.0000000001    -0.0000000001    0.0379014266    -0.0503955067    
345.0000000000    -0.0000000000    -0.0000000001    0.0362604939    -0.0503810755    
346.0000000000    0.0000000003    0.0000000000    0.0358229278    -0.0505566102    
347.0000000000    0.0000000002    -0.0000000002    0.0346747116    -0.0502450380    
348.0000000000    -0.0000000001    0.0000000000    0.0327169456    -0.0506019367    
349.0000000000    -0.0000000000    0.0000000000    0.0312837729    -0.0504998034    
350.0000000000    -0.0000000000    -0.0000000003    0.0295401524    -0.0500789754    
351.0000000000    -0.0000000001    -0.0000000001    0.0278314391    -0.0501636106    
352.0000000000    0.0000000001    -0.0000000000    0.0261452823    -0.0504558258    
353.0000000000    0.0000000002    -0.0000000003    0.0245237480    -0.0501598427    
354.0000000000    -0.0000000002    0.0000000001    0.0231561504    -0.0500373888    
355.0000000000    0.0000000001    -0.0000000002    0.0220079979    -0.0500685140    
356.0000000000    -0.0000000001    -0.0000000001    0.0200739207    -0.0498297100    
357.0000000000    -0.0000000001    -0.0000000001    0.0180034720    -0.0495706514    
358.0000000000    -0.0000000002    -0.0000000000    0.0160583328    -0.0491050765    
359.0000000000    -0.0000000001    -0.0000000001    0.0138152236    -0.0494753487    
360.0000000000    -0.0000000002    -0.0000000001    0.0114281348    -0.0491276106    
361.0000000000    -0.0000000001    0.0000000002    0.0096950618    -0.0487219104    
362.0000000000    0.0000000001    -0.0000000002    0.0079227791    -0.0486216747    
363.0000000000    0.0000000000    -0.0000000000    0.0060877508    -0.0478965194    
364.0000000000    0.0000000001    0.0000000000    0.0035861137    -0.0470378411    
365.0000000000    0.0000000001    -0.0000000001    0.0012534975    -0.0463139360    
366.0000000000    0.0000000001    -0.0000000001    -0.0003583571    -0.0462968195    
367.0000000000    -0.0000000001    -0.0000000000    -0.0024190507    -0.0453476676    
368.0000000000    0.0000000000    -0.0000000003    -0.0041188805    -0.0453116292    
369.0000000000    -0.0000000003    -0.0000000000    -0.0057908141    -0.0449133749    
370.0000000000    -0.0000000001    -0.0000000001    -0.0075482625    -0.0452221613    
371.0000000000    -0.0000000002    -0.0000000004    -0.0095587275    -0.0450442314    
372.0000000000    0.0000000000    -0.0000000002    -0.0115400519    -0.0442601406    
373.0000000000    0.0000000000    -0.0000000002    -0.0134741805    -0.0443393685    
374.0000000000    -0.0000000000    -0.0000000002    -0.0149203697    -0.0447542536    
375.0000000000    -0.0000000001    -0.0000000001    -0.0168313452    -0.0445956973    
376.0000000000    -0.0000000001    0.0000000000    -0.0179970429    -0.0443021845    
377.0000000000    -0.0000000003    0.0000000000    -0.0189214468    -0.0437668945    
378.0000000000    0.0000000001    -0.0000000002    -0.0205381286    -0.0436673633    
379.0000000000    0.0000000001    -0.0000000001    -0.0222363863    -0.0435916879    
380.0000000000    -0.0000000002    -0.0000000000    -0.0248591192    -0.0431515624    
381.0000000000    -0.0000000001    -0.0000000004    -0.0272153126    -0.0426066274    
382.0000000000    -0.0000000002    0.0000000001    -0.0288098641    -0.0420699008    
383.0000000000    0.0000000000    -0.0000000004    -0.0305098709    -0.0413921209    
384.0000000000    0.0000000001    0.0000000002    -0.0319207903    -0.0407478096    
385.0000000000    -0.0000000001    -0.0000000002    -0.0339473776    -0.0406883103    
386.0000000000    0.0000000000    -0.0000000002    -0.0359708869    -0.0402645072    
387.0000000000    -0.0000000001    -0.0000000002    -0.0377508588    -0.0398468148    
388.0000000000    -0.0000000001    -0.0000000003    -0.0394159272    -0.0395098790    
389.0000000000    -0.0000000002    -0.0000000001    -0.0413834747    -0.0392633827    
390.0000000000    -0.0000000002    0.0000000000    -0.0430367384    -0.0389377009    
391.0000000000    0.0000000001    -0.0000000001    -0.0451186019    -0.0385441996    
392.0000000000    -0.0000000001    -0.0000000001    -0.0466186325    -0.0380472243    
393.0000000000    -0.0000000000    -0.0000000000    -0.0484867440    -0.0376556755    
394.0000000000    0.0000000001    -0.0000000002    -0.0502297559    -0.0371102705    
395.0000000000    -0.0000000002    -0.0000000001    -0.0523046651    -0.0365774331    
396.0000000000    -0.0000000001    0.0000000000    -0.0541974056    -0.0362840038    
397.0000000000    -0.0000000003    -0.0000000001    -0.0565628480    -0.0358255023    
398.0000000000    0.0000000001    -0.0000000002    -0.0579739440    -0.0359390702    
399.0000000000    -0.0000000001    -0.0000000002    -0.0590022920    -0.0352865745    
400.0000000000    -0.0000000002    -0.0000000002    -0.0605891577    -0.0347839801    
401.0000000000    0.0000000001    -0.0000000003    -0.0627659635    -0.0336893045    
402.0000000000    -0.0000000002    -0.0000000000    -0.0642249247    -0.0332493371    
403.0000000000    -0.0000000001    -0.0000000000    -0.0653896494    -0.0329525493    
404.0000000000    0.0000000001    -0.0000000001    -0.0672499364    -0.0326083016    
405.0000000000    -0.0000000000    -0.0000000004    -0.0684099244    -0.0322165908    
406.0000000000    -0.0000000002    -0.0000000001    -0.0704039004    -0.0318934554    
407.0000000000    -0.0000000003    -0.0000000002    -0.0721843131    -0.0311587899    
408.0000000000    -0.0000000001    -0.0000000001    -0.0741219577    -0.0304654201    
409.0000000000    -0.0000000001    0.0000000000    -0.0765352809    -0.0297494921    
410.0000000000    -0.0000000001    -0.0000000003    -0.0781985002    -0.0291527643    
411.0000000000    -0.0000000000    0.0000000001    -0.0809101682    -0.0284611005    
412.0000000000    -0.0000000001    -0.0000000001    -0.0825246852    -0.0279002091    
413.0000000000    -0.0000000001    0.0000000001    -0.0840506309    -0.0270659416    
414.0000000000    0.0000000001    -0.0000000001    -0.0856838241    -0.0266605995    
415.0000000000    0.0000000002    0.0000000001    -0.0878270705    -0.0260093239    
416.0000000000    -0.0000000001    -0.0000000001    -0.0895987634    -0.0247490821    
417.0000000000    -0.0000000001    -0.0000000000    -0.0906985141    -0.0242779918    
418.0000000000    -0.0000000002    -0.0000000000    -0.0925587402    -0.0234229816    
419.0000000000    -0.0000000002    -0.0000000001    -0.0943755679    -0.0221621714    
420.0000000000    -0.0000000001    -0.0000000003    -0.0961879550    -0.0207689455    
421.0000000000    -0.0000000001    -0.0000000001    -0.0981542733    -0.0200339013    
422.0000000000    -0.0000000000    -0.0000000002    -0.1001834283    -0.0199832286    
423.0000000000    -0.0000000003    0.0000000000    -0.1016628221    -0.0191060701    
424.0000000000    0.0000000001    -0.0000000000    -0.1030856943    -0.0181498569    
425.0000000000    0.0000000000    -0.0000000001    -0.1051193744    -0.0168652524    
426.0000000000    -0.0000000001    0.0000000001    -0.1067604524    -0.0162404539    
427.0000000000    -0.0000000000    -0.0000000003    -0.1085930437    -0.0154745169    
428.0000000000    -0.0000000005    -0.0000000002    -0.1100595688    -0.0144545311    
429.0000000000    0.0000000000    -0.0000000001    -0.1115489933    -0.0130856912    
430.0000000000    -0.0000000003    -0.0000000000    -0.1133163953    -0.0120783990    
431.0000000000    -0.0000000002    -0.0000000001    -0.1153746804    -0.0117446819    
432.0000000000    -0.0000000001    -0.0000000002    -0.1170236849    -0.0108595561    
433.0000000000    -0.0000000001    -0.0000000001    -0.1191992863    -0.0103041004    
434.0000000000    -0.0000000003    -0.0000000001    -0.1213089252    -0.0096720097    
435.0000000000    0.0000000000    -0.0000000001    -0.1229490526    -0.0087940380    
436.0000000000    -0.0000000004    -0.0000000001    -0.1251980410    -0.0083982878    
437.0000000000    -0.0000000001    -0.0000000004    -0.1269958396    -0.0076391640    
438.0000000000    -0.0000000002    0.0000000001    -0.1295016996    -0.0070297990    
439.0000000000    -0.0000000002    -0.0000000000    -0.1306370401    -0.0060878074    
440.0000000000    -0.0000000002    -0.0000000000    -0.1325599720    -0.0053903541    
441.0000000000    -0.0000000002    -0.0000000003    -0.1351925563    -0.0051245353    
442.0000000000    -0.0000000002    -0.0000000001    -0.1372251542    -0.0048742165    
443.0000000000    -0.0000000003    -0.0000000001    -0.1393658054    -0.0050573547    
444.0000000000    0.0000000000    -0.0000000000    -0.1416108334    -0.0041455758    
445.0000000000    -0.0000000002    -0.0000000002    -0.1438127788    -0.0033514877    
446.0000000000    -0.0000000000    -0.0000000001    -0.1463825323    -0.0026607574    
447.0000000000    -0.0000000003    0.0000000000    -0.1484980665    -0.0021757166    
448.0000000000    -0.0000000003    -0.0000000001    -0.1507631787    -0.0015584346    
449.0000000000    -0.0000000001    -0.0000000002    -0.1526275939    -0.0011579973    
450.0000000000    -0.0000000002    -0.0000000001    -0.1548852332    -0.0003985443    
451.0000000000    -0.0000000002    -0.0000000002    -0.1572491126    -0.0000750373    
452.0000000000    -0.0000000003    -0.0000000001    -0.1592210979    0.0001865030    
453.0000000000    -0.0000000001    0.0000000000    -0.1612969240    0.0010269804    
454.0000000000    -0.0000000003    -0.0000000000    -0.1632676999    0.0018117001    
455.0000000000    -0.0000000003    -0.0000000003    -0.1654636695    0.0018531915    
456.0000000000    -0.0000000001    -0.0000000001    -0.1676925598    0.0022210545    
457.0000000000    -0.0000000003    -0.0000000002    -0.1701299048    0.0028967784    
458.0000000000    -0.0000000003    -0.0000000001    -0.1722510852    0.0036452936    
459.0000000000    -0.0000000002    -0.0000000001    -0.1752379725    0.0041103027    
460.0000000000    -0.0000000003    -0.0000000001    -0.1775233543    0.0042285213    
461.0000000000    -0.0000000004    -0.0000000001    -0.1789324175    0.0043724370    
462.0000000000    -0.0000000002    -0.0000000003    -0.1813416520    0.0051035757    
463.0000000000    -0.0000000004    -0.0000000002    -0.1838560278    0.0057273960    
464.0000000000    -0.0000000002    -0.0000000001    -0.1861579276    0.0060399758    
465.0000000000    -0.0000000002    -0.0000000003    -0.1879557895    0.0065036485    
466.0000000000    -0.0000000003    -0.0000000002    -0.1904208163    0.0066230810    
467.0000000000    -0.0000000001    -0.0000000002    -0.1924631074    0.0071779328    
468.0000000000    -0.0000000002    -0.0000000003    -0.1944125272    0.0075302229    
469.0000000000    -0.0000000002    -0.0000000000    -0.1957994704    0.0079243484    
470.0000000000    -0.0000000004    -0.0000000001    -0.1979306292    0.0086946078    
471.0000000000    -0.0000000004    -0.0000000002    -0.1999477068    0.0086641854    
472.0000000000    -0.0000000003    -0.0000000001    -0.2020144092    0.0092836226    
473.0000000000    -0.0000000005    -0.0000000001    -0.2041064686    0.0099168463    
474.0000000000    -0.0000000003    -0.0000000003    -0.2061646657    0.0104634658    
475.0000000000    -0.0000000004    -0.0000000002    -0.2080694687    0.0108562165    
476.0000000000    -0.0000000004    -0.0000000002    -0.2106647793    0.0114943814    
477.0000000000    -0.0000000002    -0.0000000002    -0.2125234538    0.0117913455    
478.0000000000    -0.0000000003    -0.0000000002    -0.2139136515    0.0122764717    
479.0000000000    -0.0000000002    -0.0000000002    -0.2150238809    0.0125476841    
480.0000000000    -0.0000000003    -0.0000000002    -0.2171119614    0.0132897476    
481.0000000000    -0.0000000004    -0.0000000002    -0.2186986030    0.0137918837    
482.0000000000    -0.0000000003    -0.0000000001    -0.2199177289    0.0143679189    
483.0000000000    -0.0000000006    -0.0000000003    -0.2218063760    0.0149279379    
484.0000000000    -0.0000000002    -0.0000000001    -0.2231960874    0.0150331637    
485.0000000000    -0.0000000003    -0.0000000000    -0.2250933480    0.0156475020    
486.0000000000    -0.0000000003    -0.0000000000    -0.2271256070    0.0158323175    
487.0000000000    -0.0000000004    -0.0000000001    -0.2283013545    0.0162585584    
488.0000000000    -0.0000000002    -0.0000000001    -0.2294570564    0.0168394801    
489.0000000000    -0.0000000003    -0.0000000002    -0.2306586782    0.0171451958    
490.0000000000    -0.0000000004    -0.0000000001    -0.2313811754    0.0176514678    
491.0000000000    -0.0000000001    -0.0000000004    -0.2328729482    0.0183543294    
492.0000000000    -0.0000000003    -0.0000000003    -0.2346834196    0.0186571371    
493.0000000000    -0.0000000005    -0.0000000000    -0.2358926100    0.0191134118    
494.0000000000    -0.0000000004    -0.0000000001    -0.2369106433    0.0199293262    
495.0000000000    -0.0000000005    -0.0000000001    -0.2378734867    0.0202323017    
496.0000000000    -0.0000000003    -0.0000000002    -0.2385952268    0.0201916674    
497.0000000000    -0.0000000001    -0.0000000003    -0.2396794881    0.0204977956    
498.0000000000    -0.0000000005    -0.0000000002    -0.2408531372    0.0213088497    
499.0000000000    -0.0000000003    -0.0000000002    -0.2416738163    0.0216578258    
500.0000000000    -0.0000000004    -0.0000000002    -0.2428358802    0.0222254651    
501.0000000000    -0.0000000002    0.0000000000    -0.2439457845    0.0221749022    
502.0000000000    -0.0000000002    -0.0000000000    -0.2449177094    0.0230990108    
503.0000000000    -0.0000000003    -0.0000000002    -0.2460468465    0.0232494769    
504.0000000000    -0.0000000004    -0.0000000003    -0.2465820450    0.0240279962    
505.0000000000    -0.0000000002    -0.0000000002    -0.2476572246    0.0239882059    
506.0000000000    -0.0000000003    -0.0000000001    -0.2480743558    0.0242835777    
507.0000000000    -0.0000000005    -0.0000000001    -0.2483332520    0.0251039051    
508.0000000000    -0.0000000002    -0.0000000004    -0.2484736671    0.0256736763    
509.0000000000    -0.0000000003    -0.0000000003    -0.2479938156    0.0258642370    
510.0000000000    -0.0000000001    -0.0000000000    -0.2483945646    0.0258429384    
511.0000000000    -0.0000000003    -0.0000000001    -0.2484800586    0.0264719972    
512.0000000000    -0.0000000001    -0.0000000005    -0.2495559084    0.0267322730    
513.0000000000    -0.0000000002    -0.0000000002    -0.2498711743    0.0268074326    
514.0000000000    -0.0000000003    0.0000000000    -0.2496775375    0.0270667460    
515.0000000000    -0.0000000004    -0.0000000001    -0.2502669218    0.0274847692    
516.0000000000    -0.0000000002    -0.0000000002    -0.2506163750    0.0282867539    
517.0000000000    -0.0000000003    -0.0000000000    -0.2504905996    0.0286574076    
518.0000000000    -0.0000000002    -0.0000000002    -0.2506923512    0.0291068011    
519.0000000000    -0.0000000004    -0.0000000001    -0.2508663554    0.0293860774    
520.0000000000    -0.0000000004    -0.0000000001    -0.2503493026    0.0300699976    
521.0000000000    -0.0000000005    -0.0000000002    -0.2507915767    0.0305335344    
522.0000000000    -0.0000000002    -0.0000000004    -0.2514059478    0.0307946589    
523.0000000000    -0.0000000006    -0.0000000003    -0.2507344461    0.0311966867    
524.0000000000    -0.0000000004    -0.0000000002    -0.2505779110    0.0317422551    
525.0000000000    -0.0000000001    -0.0000000002    -0.2506557209    0.0322862657    
526.0000000000    -0.0000000004    0.0000000001    -0.2509461319    0.0330990351    
527.0000000000    -0.0000000005    -0.0000000000    -0.2513718911    0.0332742133    
528.0000000000    -0.0000000002    -0.0000000000    -0.2518498388    0.0339979252    
529.0000000000    -0.0000000003    -0.0000000000    -0.2518686182    0.0343014284    
530.0000000000    -0.0000000002    -0.0000000001    -0.2520208422    0.0349846661    
531.0000000000    -0.0000000004    -0.0000000003    -0.2520200077    0.0356196222    
532.0000000000    -0.0000000005    -0.0000000000    -0.2520644410    0.0360895650    
533.0000000000    -0.0000000004    -0.0000000003    -0.2524957745    0.0361380705    
534.0000000000    -0.0000000004    -0.0000000003    -0.2532500786    0.0362846254    
535.0000000000    -0.0000000004    -0.0000000001    -0.2526241451    0.0371154563    
536.0000000000    -0.0000000003    -0.0000000000    -0.2533375695    0.0374739627    
537.0000000000    -0.0000000004    -0.0000000002    -0.2536366632    0.0378718824    
538.0000000000    -0.0000000004    -0.0000000001    -0.2531222349    0.0384838503    
539.0000000000    -0.0000000004    -0.0000000002    -0.2527145170    0.0390050901    
540.0000000000    -0.0000000005    -0.0000000002    -0.2526189738    0.0398568659    
541.0000000000    -0.0000000002    -0.0000000001    -0.2521926572    0.0400606382    
542.0000000000    -0.0000000003    -0.0000000003    -0.2519240347    0.0403779060    
543.0000000000    -0.0000000003    -0.0000000001    -0.2513588878    0.0409188503    
544.0000000000    -0.0000000001    0.0000000002    -0.2513034516    0.0414787858    
545.0000000000    -0.0000000005    -0.0000000003    -0.2508770796    0.0418886080    
546.0000000000    -0.0000000004    -0.0000000002    -0.2500771433    0.0422993980    
547.0000000000    -0.0000000006    -0.0000000001    -0.2497372994    0.0423306266    
548.0000000000    -0.0000000005    -0.0000000002    -0.2496943618    0.0425827507    
549.0000000000    0.0000000000    -0.0000000000    -0.2484962287    0.0432371748    
550.0000000000    -0.0000000003    -0.0000000001    -0.2472062853    0.0442041860    
551.0000000000    -0.0000000003    -0.0000000001    -0.2466072764    0.0446903835    
552.0000000000    -0.0000000001    -0.0000000001    -0.2457287032    0.0452408784    
553.0000000000    -0.0000000003    -0.0000000003    -0.2449866678    0.0461243540    
554.0000000000    -0.0000000002    -0.0000000002    -0.2439607190    0.0466769459    
555.0000000000    -0.0000000002    -0.0000000003    -0.2433370068    0.0470124253    
556.0000000000    -0.0000000004    -0.0000000002    -0.2429256974    0.0474405668    
557.0000000000    -0.0000000002    -0.0000000002    -0.2426600987    0.0476782447    
558.0000000000    -0.0000000001    -0.0000000002    -0.2414189121    0.0484485203    
559.0000000000    -0.0000000003    -0.0000000002    -0.2406257838    0.0494851472    
560.0000000000    -0.0000000003    -0.0000000001    -0.2392071447    0.0504283807    
561.0000000000    -0.0000000005    -0.0000000002    -0.2381451840    0.0510441274    
562.0000000000    -0.0000000002    -0.0000000003    -0.2375451489    0.0515862014    
563.0000000000    -0.0000000003    -0.0000000002    -0.2367706769    0.0521530149    
564.0000000000    -0.0000000002    -0.0000000002    -0.2363386569    0.0523873434    
565.0000000000    -0.0000000003    -0.0000000005    -0.2352473221    0.0527944412    
566.0000000000    -0.0000000005    -0.0000000001    -0.2343663234    0.0530457742    
567.0000000000    -0.0000000004    -0.0000000002    -0.2338955110    0.0534419321    
568.0000000000    -0.0000000003    -0.0000000001    -0.2335572464    0.0541963689    
569.0000000000    -0.0000000004    -0.0000000002    -0.2320128012    0.0551868855    
570.0000000000    -0.0000000001    -0.0000000001    -0.2308603686    0.0555386194    
571.0000000000    -0.0000000003    -0.0000000004    -0.2299912316    0.0559385467    
572.0000000000    -0.0000000004    -0.0000000003    -0.2289092425    0.0563136531    
573.0000000000    -0.0000000001    -0.0000000001    -0.2276634489    0.0564998195    
574.0000000000    -0.0000000002    -0.0000000002    -0.2265555511    0.0569703115    
575.0000000000    -0.0000000002    -0.0000000003    -0.2250957054    0.0572047075    
576.0000000000    -0.0000000003    -0.0000000002    -0.2238977459    0.0578119734    
577.0000000000    -0.0000000003    -0.0000000002    -0.2225670351    0.0583725815    
578.0000000000    -0.0000000004    -0.0000000002    -0.2212992358    0.0588458711    
579.0000000000    -0.0000000002    -0.0000000001    -0.2197307586    0.0592592102    
580.0000000000    -0.0000000002    -0.0000000002    -0.2183914324    0.0591377841    
581.0000000000    -0.0000000001    -0.0000000002    -0.2174660937    0.0595063787    
582.0000000000    -0.0000000001    -0.0000000004    -0.2164573304    0.0599752570    
583.0000000000    -0.0000000004    -0.0000000003    -0.2150958204    0.0602879865    
584.0000000000    -0.0000000003    -0.0000000001    -0.2146221225    0.0603726244    
585.0000000000    -0.0000000003    -0.0000000002    -0.2137953864    0.0605112005    
586.0000000000    -0.0000000005    -0.0000000002    -0.2124523410    0.0611574766    
587.0000000000    -0.0000000003    -0.0000000001    -0.2106074179    0.0611638738    
588.0000000000    -0.0000000003    -0.0000000002    -0.2094794251    0.0617370470    
589.0000000000    -0.0000000003    -0.0000000002    -0.2084051001    0.0621163907    
590.0000000000    -0.0000000003    -0.0000000003    -0.2074430576    0.0625466877    
591.0000000000    -0.0000000001    -0.0000000004    -0.2062606613    0.0620950758    
592.0000000000    -0.0000000002    -0.0000000001    -0.2052586147    0.0626356310    
593.0000000000    -0.0000000003    -0.0000000003    -0.2036717510    0.0629435232    
594.0000000000    -0.0000000003    -0.0000000004    -0.2020848445    0.0634016347    
595.0000000000    -0.0000000001    -0.0000000003    -0.2001366254    0.0638367823    
596.0000000000    -0.0000000004    -0.0000000002    -0.1988103455    0.0646290265    
597.0000000000    -0.0000000003    -0.0000000003    -0.1974775892    0.0651507698    
598.0000000000    -0.0000000002    -0.0000000003    -0.1959020150    0.0650582802    
599.0000000000    -0.0000000004    -0.0000000004    -0.1949094201    0.0657475498    
600.0000000000    -0.0000000001    -0.0000000003    -0.1932626292    0.0658119973    
601.0000000000    -0.0000000004    -0.0000000004    -0.1922426238    0.0660224898    
602.0000000000    -0.0000000002    -0.0000000000    -0.1911814057    0.0657603813    
603.0000000000    -0.0000000004    -0.0000000004    -0.1895192400    0.0656804785    
604.0000000000    -0.0000000003    -0.0000000004    -0.1882916358    0.0656975527    
605.0000000000    -0.0000000004    -0.0000000000    -0.1867353429    0.0659375257    
606.0000000000    -0.0000000002    -0.0000000002    -0.1858297997    0.0657377414    
607.0000000000    -0.0000000003    -0.0000000003    -0.1845982079    0.0655870782    
608.0000000000    -0.0000000001    -0.0000000003    -0.1827981504    0.0656918751    
609.0000000000    -0.0000000003    -0.0000000002    -0.1811526050    0.0654964751    
610.0000000000    -0.0000000003    -0.0000000001    -0.1795774971    0.0656681790    
611.0000000000    -0.0000000003    -0.0000000004    -0.1782496740    0.0653401054    
612.0000000000    -0.0000000001    -0.0000000003    -0.1765338083    0.0647831653    
613.0000000000    -0.0000000002    -0.0000000003    -0.1750495614    0.0649676497    
614.0000000000    -0.0000000001    -0.0000000004    -0.1732640920    0.0645227015    
615.0000000000    -0.0000000002    -0.0000000004    -0.1717424857    0.0643720154    
616.0000000000    -0.0000000003    -0.0000000001    -0.1705490822    0.0642428858    
617.0000000000    -0.0000000001    -0.0000000001    -0.1690560489    0.0639657019    
618.0000000000    -0.0000000001    -0.0000000002    -0.1677876545    0.0636867699    
619.0000000000    -0.0000000002    -0.0000000003    -0.1659789203    0.0633134599    
620.0000000000    -0.0000000003    -0.0000000004    -0.1643378269    0.0628422125    
621.0000000000    -0.0000000005    -0.0000000003    -0.1631258886    0.0623712069    
622.0000000000    -0.0000000004    -0.0000000004    -0.1612436309    0.0618472442    
623.0000000000    0.0000000000    -0.0000000001    -0.1601631774    0.0615253059    
624.0000000000    -0.0000000003    -0.0000000001    -0.1586042008    0.0613987584    
625.0000000000    -0.0000000000    -0.0000000005    -0.1572092208    0.0605828633    
626.0000000000    -0.0000000002    -0.0000000004    -0.1552694997    0.0603972432    
627.0000000000    -0.0000000002    -0.0000000002    -0.1531316215    0.0604175499    
628.0000000000    -0.0000000001    -0.0000000002    -0.1512101353    0.0599971715    
629.0000000000    -0.0000000002    -0.0000000003    -0.1495852572    0.0597345580    
630.0000000000    -0.0000000001    -0.0000000002    -0.1478099836    0.0595424271    
631.0000000000    -0.0000000001    -0.0000000006    -0.1458632477    0.0593268894    
632.0000000000    -0.0000000002    -0.0000000003    -0.1440251469    0.0591311943    
633.0000000000    -0.0000000003    -0.0000000001    -0.1422884133    0.0588198621    
634.0000000000    -0.0000000000    -0.0000000003    -0.1402689000    0.0586673782    
635.0000000000    -0.0000000001    -0.0000000002    -0.1383369901    0.0583488920    
636.0000000000    -0.0000000004    -0.0000000002    -0.1362864273    0.0582685159    
637.0000000000    -0.0000000002    -0.0000000001    -0.1341801135    0.0582957605    
638.0000000000    -0.0000000000    -0.0000000004    -0.1329762160    0.0574626158    
639.0000000000    -0.0000000000    -0.0000000001    -0.1305556940    0.0574109591    
640.0000000000    -0.0000000000    -0.0000000004    -0.1284510566    0.0574002980    
641.0000000000    -0.0000000001    -0.0000000003    -0.1264373919    0.0569877881    
642.0000000000    -0.0000000001    -0.0000000005    -0.1240240939    0.0567339515    
643.0000000000    -0.0000000000    -0.0000000006    -0.1219750984    0.0561458574    
644.0000000000    -0.0000000000    -0.0000000002    -0.1202834215    0.0558848116    
645.0000000000    -0.0000000001    -0.0000000003    -0.1181379445    0.0557406162    
646.0000000000    -0.0000000001    -0.0000000004    -0.1160324473    0.0552064308    
647.0000000000    -0.0000000002    -0.0000000002    -0.1137771315    0.0541887061    
648.0000000000    -0.0000000002    -0.0000000002    -0.1114746592    0.0535434426    
649.0000000000    0.0000000001    -0.0000000005    -0.1094299847    0.0531080982    
650.0000000000    -0.0000000000    -0.0000000004    -0.1077079591    0.0529175729    
651.0000000000    -0.0000000002    -0.0000000004    -0.1056876217    0.0530470541    
652.0000000000    -0.0000000002    -0.0000000002    -0.1040535921    0.0524666924    
653.0000000000    -0.0000000002    -0.0000000002    -0.1023068626    0.0521312499    
654.0000000000    0.0000000002    -0.0000000002    -0.1001334009    0.0519877593    
655.0000000000    -0.0000000001    -0.0000000005    -0.0976272109    0.0511091092    
656.0000000000    0.0000000001    -0.0000000003    -0.0955464506    0.0508072718    
657.0000000000    -0.0000000000    -0.0000000002    -0.0935522207    0.0501979675    
658.0000000000    0.0000000000    -0.0000000003    -0.0908208387    0.0491279313    
659.0000000000    -0.0000000000    -0.0000000002    -0.0888226042    0.0482228124    
660.0000000000    0.0000000000    -0.0000000003    -0.0864043668    0.0478817725    
661.0000000000    0.0000000000    -0.0000000005    -0.0840115327    0.0471743176    
662.0000000000    0.0000000000    -0.0000000004    -0.0815859752    0.0467919748    
663.0000000000    0.0000000002    -0.0000000003    -0.0793356793    0.0460993502    
664.0000000000    -0.0000000001    -0.0000000004    -0.0774716781    0.0457749360    
665.0000000000    0.0000000001    -0.0000000003    -0.0749204744    0.0451997781    
666.0000000000    0.0000000001    -0.0000000004    -0.0728309426    0.0443638536    
667.0000000000    -0.0000000001    -0.0000000004    -0.0712848700    0.0437218946    
668.0000000000    0.0000000001    -0.0000000003    -0.0684307776    0.0429161528    
669.0000000000    0.0000000000    -0.0000000005    -0.0667526250    0.0423620944    
670.0000000000    0.0000000001    -0.0000000004    -0.0635899455    0.0413254194    
671.0000000000    0.0000000001    -0.0000000004    -0.0610677624    0.0405290296    
672.0000000000    0.0000000000    -0.0000000004    -0.0586213150    0.0398611433    
673.0000000000    0.0000000001    -0.0000000003    -0.0562047857    0.0392111142    
674.0000000000    0.0000000001    -0.0000000004    -0.0539702776    0.0384760301    
675.0000000000    0.0000000001    -0.0000000003    -0.0514007933    0.0372862969    
676.0000000000    0.0000000001    -0.0000000004    -0.0486235701    0.0365855379    
677.0000000000    -0.0000000000    -0.0000000003    -0.0461248517    0.0356751812    
678.0000000000    0.0000000001    -0.0000000005    -0.0437621128    0.0346155783    
679.0000000000    0.0000000001    -0.0000000003    -0.0416009735    0.0339383083    
680.0000000000    -0.0000000002    -0.0000000002    -0.0391080337    0.0333345333    
681.0000000000    -0.0000000000    -0.0000000001    -0.0376495787    0.0325024844    
682.0000000000    0.0000000002    -0.0000000003    -0.0346956455    0.0319737135    
683.0000000000    0.0000000001    -0.0000000004    -0.0333201950    0.0315587339    
684.0000000000    0.0000000001    -0.0000000005    -0.0307331229    0.0305391911    
685.0000000000    -0.0000000000    -0.0000000005    -0.0280620222    0.0299651069    
686.0000000000    0.0000000000    -0.0000000004    -0.0260840324    0.0293352325    
687.0000000000    -0.0000000001    -0.0000000003    -0.0245633948    0.0283611982    
688.0000000000    0.0000000001    -0.0000000003    -0.0229376567    0.0274207684    
689.0000000000    0.0000000001    -0.0000000003    -0.0202149838    0.0263827889    
690.0000000000    -0.0000000000    -0.0000000003    -0.0181230354    0.0257172600    
691.0000000000    -0.0000000001    -0.0000000004    -0.0160156616    0.0244444508    
692.0000000000    0.0000000001    -0.0000000005    -0.0140001579    0.0231684932    
693.0000000000    0.0000000002    -0.0000000005    -0.0115360265    0.0223004580    
694.0000000000    0.0000000003    -0.0000000004    -0.0090834675    0.0210704297    
695.0000000000    0.0000000002    -0.0000000006    -0.0063590528    0.0203966585    
696.0000000000    0.0000000000    -0.0000000005    -0.0040954754    0.0194522658    
697.0000000000    0.0000000002    -0.0000000004    -0.0018350539    0.0184598288    
698.0000000000    0.0000000002    -0.0000000001    0.0006311276    0.0170220991    
699.0000000000    0.0000000001    -0.0000000003    0.0024243458    0.0157548391    
700.0000000000    0.0000000001    -0.0000000005    0.0043222712    0.0142478533    
701.0000000000    0.0000000000    -0.0000000004    0.0062883624    0.0131067945    
702.0000000000    0.0000000002    -0.0000000006    0.0087645012    0.0116222448    
703.0000000000    0.0000000000    -0.0000000006    0.0116283087    0.0102203364    
704.0000000000    0.0000000002    -0.0000000008    0.0137917331    0.0091796528    
705.0000000000    -0.0000000000    -0.0000000003    0.0154039873    0.0080253496    
706.0000000000    0.0000000003    -0.0000000005    0.0177142906    0.0070377215    
707.0000000000    0.0000000004    -0.0000000005    0.0203268043    0.0056422134    
708.0000000000    0.0000000003    -0.0000000003    0.0225625567    0.0048525472    
709.0000000000    0.0000000002    -0.0000000004    0.0250669767    0.0039188547    
710.0000000000    0.0000000001    -0.0000000005    0.0270427763    0.0029096484    
711.0000000000    0.0000000001    -0.0000000006    0.0291377248    0.0016063261    
712.0000000000    0.0000000003    -0.0000000004    0.0314905517    0.0007836440    
713.0000000000    0.0000000002    -0.0000000005    0.0338500478    -0.0002959001    
714.0000000000    0.0000000002    -0.0000000006    0.0370823596    -0.0016237032    
715.0000000000    0.0000000001    -0.0000000006    0.0392200668    -0.0026643665    
716.0000000000    0.0000000000    -0.0000000006    0.0408557964    -0.0035829204    
717.0000000000    0.0000000002    -0.0000000003    0.0429733004    -0.0047209113    
718.0000000000    0.0000000003    -0.0000000004    0.0451653970    -0.0059892879    
719.0000000000    0.0000000005    -0.0000000002    0.0475766054    -0.0071421461    
720.0000000000    0.0000000001    -0.0000000005    0.0502716262    -0.0082188898    
721.0000000000    0.0000000003    -0.0000000007    0.0521265033    -0.0097129880    
722.0000000000    0.0000000004    -0.0000000005    0.0550773356    -0.0107883986    
723.0000000000    0.0000000004    -0.0000000006    0.0566722521    -0.0117851985    
724.0000000000    0.0000000004    -0.0000000004    0.0589648629    -0.0127772941    
725.0000000000    0.0000000001    -0.0000000005    0.0606793303    -0.0140784053    
726.0000000000    0.0000000002    -0.0000000006    0.0632679893    -0.0149553173    
727.0000000000    0.0000000002    -0.0000000006    0.0658642192    -0.0163371944    
728.0000000000    0.0000000001    -0.0000000006    0.0677133491    -0.0175850737    
729.0000000000    -0.0000000000    -0.0000000005    0.0702327025    -0.0189132471    
730.0000000000    0.0000000003    -0.0000000005    0.0725551516    -0.0201984703    
731.0000000000    0.0000000003    -0.0000000004    0.0747414813    -0.0213840375    
732.0000000000    0.0000000002    -0.0000000007    0.0773517506    -0.0225055388    
733.0000000000    0.0000000004    -0.0000000005    0.0794179226    -0.0237901569    
734.0000000000    0.0000000005    -0.0000000005    0.0818194960    -0.0249188890    
735.0000000000    0.0000000002    -0.0000000006    0.0842148464    -0.0255781050    
736.0000000000    0.0000000004    -0.0000000004    0.0865691309    -0.0268338422    
737.0000000000    0.0000000002    -0.0000000007    0.0889979493    -0.0273391208    
738.0000000000    0.0000000004    -0.0000000006    0.0909301859    -0.0283181912    
739.0000000000    0.0000000003    -0.0000000004    0.0930488748    -0.0292708017    
740.0000000000    0.0000000005    -0.0000000006    0.0957939706    -0.0300605276    
741.0000000000    0.0000000003    -0.0000000005    0.0983570624    -0.0309010749    
742.0000000000    0.0000000002    -0.0000000005    0.1006162525    -0.0315768005    
743.0000000000    0.0000000005    -0.0000000006    0.1030802455    -0.0326805693    
744.0000000000    0.0000000005    -0.0000000007    0.1052761345    -0.0339433747    
745.0000000000    0.0000000003    -0.0000000007    0.1078638616    -0.0348422872    
746.0000000000    0.0000000005    -0.0000000004    0.1104146896    -0.0357145670    
747.0000000000    0.0000000002    -0.0000000007    0.1126538196    -0.0371251988    
748.0000000000    0.0000000004    -0.0000000006    0.1149092163    -0.0380828906    
749.0000000000    0.0000000005    -0.0000000005    0.1181470004    -0.0398043888    
750.0000000000    0.0000000002    -0.0000000007    0.1208004394    -0.0407551923    
751.0000000000    0.0000000002    -0.0000000005    0.1230376611    -0.0419400018    
752.0000000000    0.0000000004    -0.0000000006    0.1257969725    -0.0430338614    
753.0000000000    0.0000000004    -0.0000000005    0.1283429917    -0.0436451484    
754.0000000000    0.0000000005    -0.0000000006    0.1304359797    -0.0444998177    
755.0000000000    0.0000000003    -0.0000000007    0.1331890125    -0.0458824946    
756.0000000000    0.0000000006    -0.0000000008    0.1355763367    -0.0469051792    
757.0000000000    0.0000000008    -0.0000000005    0.1386587038    -0.0475683091    
758.0000000000    0.0000000004    -0.0000000003    0.1410442843    -0.0484952571    
759.0000000000    0.0000000002    -0.0000000005    0.1435691812    -0.0498806836    
760.0000000000    0.0000000004    -0.0000000005    0.1460810342    -0.0508839893    
761.0000000000    0.0000000003    -0.0000000006    0.1482404188    -0.0516069799    
762.0000000000    0.0000000003    -0.0000000006    0.1506350860    -0.0528601189    
763.0000000000    0.0000000005    -0.0000000006    0.1534293568    -0.0535761947    
764.0000000000    0.0000000008    -0.0000000007    0.1556584235    -0.0541708658    
765.0000000000    0.0000000002    -0.0000000004    0.1581300813    -0.0552595130    
766.0000000000    0.0000000006    -0.0000000006    0.1607421255    -0.0559928254    
767.0000000000    0.0000000005    -0.0000000005    0.1636975922    -0.0572936779    
768.0000000000    0.0000000003    -0.0000000006    0.1660011806    -0.0585029341    
769.0000000000    0.0000000007    -0.0000000008    0.1686091499    -0.0592697512    
770.0000000000    0.0000000004    -0.0000000006    0.1713739330    -0.0601182062    
771.0000000000    0.0000000004    -0.0000000007    0.1735516379    -0.0609564819    
772.0000000000    0.0000000006    -0.0000000006    0.1758519344    -0.0616366515    
773.0000000000    0.0000000005    -0.0000000006    0.1785016690    -0.0620963187    
774.0000000000    0.0000000008    -0.0000000004    0.1811625332    -0.0630218228    
775.0000000000    0.0000000005    -0.0000000007    0.1833530035    -0.0639439149    
776.0000000000    0.0000000005    -0.0000000006    0.1858778731    -0.0646800807    
777.0000000000    0.0000000007    -0.0000000007    0.1872065986    -0.0654213092    
778.0000000000    0.0000000005    -0.0000000008    0.1903671143    -0.0661526411    
779.0000000000    0.0000000007    -0.0000000007    0.1927470774    -0.0668335272    
780.0000000000    0.0000000005    -0.0000000004    0.1946300072    -0.0676505947    
781.0000000000    0.0000000004    -0.0000000005    0.1967246853    -0.0684932619    
782.0000000000    0.0000000005    -0.0000000004    0.1985814384    -0.0692058660    
783.0000000000    0.0000000006    -0.0000000005    0.2008064799    -0.0703857428    
784.0000000000    0.0000000006    -0.0000000008    0.2026825182    -0.0710421809    
785.0000000000    0.0000000006    -0.0000000005    0.2051736181    -0.0719050523    
786.0000000000    0.0000000007    -0.0000000006    0.2074360512    -0.0724727396    
787.0000000000    0.0000000008    -0.0000000006    0.2095571875    -0.0733885012    
788.0000000000    0.0000000005    -0.0000000006    0.2118973099    -0.0744395308    
789.0000000000    0.0000000006    -0.0000000006    0.2132906038    -0.0755302724    
790.0000000000    0.0000000009    -0.0000000006    0.2153990670    -0.0765828934    
791.0000000000    0.0000000004    -0.0000000009    0.2171707235    -0.0770787195    
792.0000000000    0.0000000005    -0.0000000006    0.2198386363    -0.0773972254    
793.0000000000    0.0000000006    -0.0000000006    0.2223404182    -0.0782988483    
794.0000000000    0.0000000007    -0.0000000007    0.2242942286    -0.0792605751    
795.0000000000    0.0000000005    -0.0000000008    0.2261292901    -0.0800735229    
796.0000000000    0.0000000006    -0.0000000008    0.2280415167    -0.0808945555    
797.0000000000    0.0000000006    -0.0000000009    0.2296096230    -0.0817118215    
798.0000000000    0.0000000005    -0.0000000007    0.2317581782    -0.0824279899    
799.0000000000    0.0000000004    -0.0000000007    0.2334887765    -0.0832758215    
800.0000000000    0.0000000007    -0.0000000007    0.2357425076    -0.0842111623    
801.0000000000    0.0000000008    -0.0000000007    0.2374891355    -0.0848768328    
802.0000000000    0.0000000007    -0.0000000007    0.2387134689    -0.0856680967    
803.0000000000    0.0000000005    -0.0000000006    0.2403122845    -0.0862246029    
804.0000000000    0.0000000005    -0.0000000005    0.2420343486    -0.0867356363    
805.0000000000    0.0000000008    -0.0000000007    0.2443044592    -0.0873906967    
806.0000000000    0.0000000006    -0.0000000007    0.2462575448    -0.0882917975    
807.0000000000    0.0000000006    -0.0000000008    0.2476647954    -0.0886682776    
808.0000000000    0.0000000006    -0.0000000006    0.2488842167    -0.0895265514    
809.0000000000    0.0000000007    -0.0000000008    0.2502358708    -0.0901481586    
810.0000000000    0.0000000006    -0.0000000008    0.2517902780    -0.0905780792    
811.0000000000    0.0000000007    -0.0000000007    0.2533896466    -0.0912959023    
812.0000000000    0.0000000006    -0.0000000007    0.2548818483    -0.0922485384    
813.0000000000    0.0000000009    -0.0000000008    0.2561239830    -0.0927924919    
814.0000000000    0.0000000007    -0.0000000007    0.2579273178    -0.0930157541    
815.0000000000    0.0000000006    -0.0000000007    0.2594097944    -0.0936760566    
816.0000000000    0.0000000007    -0.0000000010    0.2608490541    -0.0942953369    
817.0000000000    0.0000000008    -0.0000000010    0.2622242718    -0.0954193186    
818.0000000000    0.0000000006    -0.0000000007    0.2633330455    -0.0965286106    
819.0000000000    0.0000000007    -0.0000000008    0.2646460157    -0.0969799758    
820.0000000000    0.0000000005    -0.0000000008    0.2657662214    -0.0977647798    
821.0000000000    0.0000000006    -0.0000000008    0.2662214764    -0.0981825190    
822.0000000000    0.0000000009    -0.0000000009    0.2672692596    -0.0990495282    
823.0000000000    0.0000000007    -0.0000000007    0.2688015565    -0.0999549266    
824.0000000000    0.0000000007    -0.0000000009    0.2697361463    -0.1008276025    
825.0000000000    0.0000000008    -0.0000000009    0.2713048407    -0.1016780649    
826.0000000000    0.0000000008    -0.0000000009    0.2721626060    -0.1023761040    
827.0000000000    0.0000000007    -0.0000000007    0.2728608273    -0.1028873038    
828.0000000000    0.0000000007    -0.0000000007    0.2734622731    -0.1034607160    
829.0000000000    0.0000000009    -0.0000000007    0.2741479144    -0.1042195550    
830.0000000000    0.0000000007    -0.0000000007    0.2747202867    -0.1049719760    
831.0000000000    0.0000000006    -0.0000000009    0.2757015691    -0.1047308015    
832.0000000000    0.0000000008    -0.0000000008    0.2772272459    -0.1052022852    
833.0000000000    0.0000000005    -0.0000000008    0.2782945698    -0.1063183946    
834.0000000000    0.0000000007    -0.0000000008    0.2787879609    -0.1074317700    
835.0000000000    0.0000000009    -0.0000000007    0.2795293861    -0.1078965400    
836.0000000000    0.0000000011    -0.0000000009    0.2806146427    -0.1082965003    
837.0000000000    0.0000000008    -0.0000000005    0.2816379440    -0.1085761011    
838.0000000000    0.0000000006    -0.0000000007    0.2829355590    -0.1086928888    
839.0000000000    0.0000000007    -0.0000000009    0.2833748863    -0.1094271243    
840.0000000000    0.0000000008    -0.0000000010    0.2843574448    -0.1100884856    
841.0000000000    0.0000000008    -0.0000000006    0.2850827770    -0.1106729245    
842.0000000000    0.0000000006    -0.0000000009    0.2857295738    -0.1110957545    
843.0000000000    0.0000000006    -0.0000000008    0.2865696546    -0.1115924227    
844.0000000000    0.0000000007    -0.0000000008    0.2874597136    -0.1119667946    
845.0000000000    0.0000000009    -0.0000000009    0.2877192219    -0.1130302892    
846.0000000000    0.0000000007    -0.0000000009    0.2878462176    -0.1132295205    
847.0000000000    0.0000000007    -0.0000000007    0.2879275370    -0.1135452169    
848.0000000000    0.0000000008    -0.0000000009    0.2879542261    -0.1140970063    
849.0000000000    0.0000000008    -0.0000000008    0.2886506721    -0.1144635917    
850.0000000000    0.0000000011    -0.0000000007    0.2898002601    -0.1151019631    
851.0000000000    0.0000000008    -0.0000000007    0.2901320622    -0.1156794887    
852.0000000000    0.0000000008    -0.0000000008    0.2902770407    -0.1156880358    
853.0000000000    0.0000000011    -0.0000000007    0.2906281189    -0.1160095521    
854.0000000000    0.0000000009    -0.0000000007    0.2912856082    -0.1165080767    
855.0000000000    0.0000000008    -0.0000000008    0.2913781401    -0.1171039605    
856.0000000000    0.0000000009    -0.0000000007    0.2919549819    -0.1175751172    
857.0000000000    0.0000000007    -0.0000000007    0.2922644285    -0.1174609397    
858.0000000000    0.0000000009    -0.0000000009    0.2921978652    -0.1177498197    
859.0000000000    0.0000000008    -0.0000000008    0.2925188192    -0.1180897807    
860.0000000000    0.0000000010    -0.0000000006    0.2933514323    -0.1185496111    
861.0000000000    0.0000000009    -0.0000000010    0.2933336762    -0.1188065144    
862.0000000000    0.0000000008    -0.0000000009    0.2940002123    -0.1187237829    
863.0000000000    0.0000000008    -0.0000000009    0.2946210776    -0.1185300796    
864.0000000000    0.0000000006    -0.0000000008    0.2945816581    -0.1188952063    
865.0000000000    0.0000000008    -0.0000000008    0.2943548231    -0.1189093027    
866.0000000000    0.0000000006    -0.0000000009    0.2943576271    -0.1192145385    
867.0000000000    0.0000000008    -0.0000000008    0.2939302195    -0.1193948175    
868.0000000000    0.0000000008    -0.0000000010    0.2940000536    -0.1196309302    
869.0000000000    0.0000000009    -0.0000000009    0.2938420973    -0.1196670854    
870.0000000000    0.0000000008    -0.0000000009    0.2939001228    -0.1197666424    
871.0000000000    0.0000000009    -0.0000000009    0.2936519502    -0.1196600340    
872.0000000000    0.0000000008    -0.0000000009    0.2934063777    -0.1197374885    
873.0000000000    0.0000000007    -0.0000000010    0.2931852411    -0.1198959711    
874.0000000000    0.0000000007    -0.0000000009    0.2927386655    -0.1196359985    
875.0000000000    0.0000000009    -0.0000000007    0.2923787375    -0.1195574720    
876.0000000000    0.0000000007    -0.0000000011    0.2919535918    -0.1198980672    
877.0000000000    0.0000000007    -0.0000000008    0.2919404308    -0.1202459336    
878.0000000000    0.0000000008    -0.0000000008    0.2915006422    -0.1198837662    
879.0000000000    0.0000000008    -0.0000000009    0.2910906276    -0.1194856867    
880.0000000000    0.0000000007    -0.0000000009    0.2905303085    -0.1198216715    
881.0000000000    0.0000000007    -0.0000000009    0.2900558163    -0.1199371427    
882.0000000000    0.0000000007    -0.0000000009    0.2896244242    -0.1203213949    
883.0000000000    0.0000000006    -0.0000000008    0.2882167830    -0.1207707858    
884.0000000000    0.0000000009    -0.0000000009    0.2872959462    -0.1205700674    
885.0000000000    0.0000000008    -0.0000000011    0.2861190428    -0.1208544622    
886.0000000000    0.0000000008    -0.0000000011    0.2854744361    -0.1209277172    
887.0000000000    0.0000000006    -0.0000000008    0.2847357946    -0.1205144041    
888.0000000000    0.0000000008    -0.0000000009    0.2841178338    -0.1206176781    
889.0000000000    0.0000000007    -0.0000000009    0.2836242231    -0.1205168791    
890.0000000000    0.0000000009    -0.0000000010    0.2829981970    -0.1205125224    
891.0000000000    0.0000000008    -0.0000000008    0.2823527949    -0.1199037754    
892.0000000000    0.0000000008    -0.0000000010    0.2807611589    -0.1194859299    
893.0000000000    0.0000000009    -0.0000000009    0.2796571258    -0.1191250108    
894.0000000000    0.0000000007    -0.0000000010    0.2782838757    -0.1187797941    
895.0000000000    0.0000000007    -0.0000000008    0.2772033745    -0.1184523330    
896.0000000000    0.0000000008    -0.0000000010    0.2757330403    -0.1185560488    
897.0000000000    0.0000000008    -0.0000000009    0.2746970894    -0.1183269566    
898.0000000000    0.0000000007    -0.0000000011    0.2734440788    -0.1183507635    
899.0000000000    0.0000000008    -0.0000000010    0.2721891463    -0.1182594052    
900.0000000000    0.0000000008    -0.0000000009    0.2712438030    -0.1184151144    
901.0000000000    0.0000000007    -0.0000000010    0.2699531436    -0.1178838974    
902.0000000000    0.0000000006    -0.0000000010    0.2683793374    -0.1182502711    
903.0000000000    0.0000000008    -0.0000000011    0.2678178231    -0.1185800504    
904.0000000000    0.0000000010    -0.0000000009    0.2660761967    -0.1181762944    
905.0000000000    0.0000000008    -0.0000000008    0.2649070714    -0.1185745714    
906.0000000000    0.0000000008    -0.0000000008    0.2634239147    -0.1182475896    
907.0000000000    0.0000000009    -0.0000000010    0.2621259156    -0.1184117056    
908.0000000000    0.0000000009    -0.0000000012    0.2607366398    -0.1184260311    
909.0000000000    0.0000000004    -0.0000000010    0.2597560687    -0.1182649908    
910.0000000000    0.0000000008    -0.0000000010    0.2585422195    -0.1182138534    
911.0000000000    0.0000000009    -0.0000000009    0.2571256110    -0.1181066221    
912.0000000000    0.0000000007    -0.0000000010    0.2558746713    -0.1180431176    
913.0000000000    0.0000000009    -0.0000000010    0.2542518882    -0.1174449097    
914.0000000000    0.0000000007    -0.0000000010    0.2526739779    -0.1172975596    
915.0000000000    0.0000000007    -0.0000000010    0.2505002790    -0.1177462525    
916.0000000000    0.0000000007    -0.0000000009    0.2490788467    -0.1175697638    
917.0000000000    0.0000000010    -0.0000000011    0.2480867797    -0.1176237304    
918.0000000000    0.0000000009    -0.0000000012    0.2466545847    -0.1172804613    
919.0000000000    0.0000000007    -0.0000000009    0.2444426813    -0.1173677662    
920.0000000000    0.0000000009    -0.0000000008    0.2430143213    -0.1172457901    
921.0000000000    0.0000000006    -0.0000000009    0.2414782045    -0.1172538844    
922.0000000000    0.0000000006    -0.0000000011    0.2401382243    -0.1168384783    
923.0000000000    0.0000000007    -0.0000000011    0.2381673506    -0.1168035815    
924.0000000000    0.0000000008    -0.0000000012    0.2361683003    -0.1167437876    
925.0000000000    0.0000000009    -0.0000000012    0.2345292574    -0.1162392377    
926.0000000000    0.0000000008    -0.0000000010    0.2327594077    -0.1163246660    
927.0000000000    0.0000000008    -0.0000000011    0.2313304239    -0.1168802969    
928.0000000000    0.0000000010    -0.0000000011    0.2293393173    -0.1165069512    
929.0000000000    0.0000000008    -0.0000000010    0.2276597139    -0.1163425742    
930.0000000000    0.0000000011    -0.0000000011    0.2266027232    -0.1163798502    
931.0000000000    0.0000000010    -0.0000000010    0.2250597284    -0.1167428997    
932.0000000000    0.0000000006    -0.0000000009    0.2228456873    -0.1166236780    
933.0000000000    0.0000000007    -0.0000000011    0.2210679819    -0.1162904113    
934.0000000000    0.0000000008    -0.0000000009    0.2189267057    -0.1160443232    
935.0000000000    0.0000000008    -0.0000000009    0.2171995391    -0.1153805634    
936.0000000000    0.0000000008    -0.0000000011    0.2156089964    -0.1151826954    
937.0000000000    0.0000000008    -0.0000000012    0.2135569225    -0.1147925199    
938.0000000000    0.0000000007    -0.0000000009    0.2118929341    -0.1143347213    
939.0000000000    0.0000000008    -0.0000000012    0.2098344291    -0.1140507284    
940.0000000000    0.0000000007    -0.0000000012    0.2083166042    -0.1143661437    
941.0000000000    0.0000000009    -0.0000000009    0.2061388877    -0.1141549637    
942.0000000000    0.0000000009    -0.0000000009    0.2040874920    -0.1136276832    
943.0000000000    0.0000000008    -0.0000000008    0.2022288331    -0.1129548565    
944.0000000000    0.0000000007    -0.0000000012    0.2002673350    -0.1124613419    
945.0000000000    0.0000000008    -0.0000000011    0.1988734773    -0.1116339869    
946.0000000000    0.0000000009    -0.0000000010    0.1966888368    -0.1113115711    
947.0000000000    0.0000000007    -0.0000000011    0.1943790422    -0.1111977995    
948.0000000000    0.0000000007    -0.0000000010    0.1922461843    -0.1112012050    
949.0000000000    0.0000000005    -0.0000000010    0.1899452316    -0.1111056871    
950.0000000000    0.0000000008    -0.0000000011    0.1879828573    -0.1108199016    
951.0000000000    0.0000000007    -0.0000000009    0.1854481810    -0.1103217852    
952.0000000000    0.0000000010    -0.0000000009    0.1832238439    -0.1099478221    
953.0000000000    0.0000000009    -0.0000000011    0.1810010167    -0.1095153486    
954.0000000000    0.0000000006    -0.0000000011    0.1783627259    -0.1092933316    
955.0000000000    0.0000000007    -0.0000000011    0.1762008520    -0.1091049216    
956.0000000000    0.0000000009    -0.0000000012    0.1739635041    -0.1087413086    
957.0000000000    0.0000000009    -0.0000000011    0.1719081117    -0.1086314112    
958.0000000000    0.0000000009    -0.0000000010    0.1695486169    -0.1081701910    
959.0000000000    0.0000000010    -0.0000000011    0.1678396045    -0.1081249284    
960.0000000000    0.0000000006    -0.0000000009    0.1657714854    -0.1078356469    
961.0000000000    0.0000000005    -0.0000000009    0.1637570354    -0.1074535751    
962.0000000000    0.0000000007    -0.0000000011    0.1616420854    -0.1075934091    
963.0000000000    0.0000000009    -0.0000000009    0.1591428594    -0.1065866496    
964.0000000000    0.0000000005    -0.0000000011    0.1565974733    -0.1057375221    
965.0000000000    0.0000000008    -0.0000000010    0.1540570393    -0.1052997394    
966.0000000000    0.0000000007    -0.0000000010    0.1517038739    -0.1047797859    
967.0000000000    0.0000000009    -0.0000000011    0.1492712427    -0.1037812283    
968.0000000000    0.0000000008    -0.0000000011    0.1469396344    -0.1034746042    
969.0000000000    0.0000000008    -0.0000000013    0.1447761864    -0.1029315115    
970.0000000000    0.0000000009    -0.0000000010    0.1423016033    -0.1025844524    
971.0000000000    0.0000000008    -0.0000000011    0.1403878323    -0.1020915105    
972.0000000000    0.0000000008    -0.0000000011    0.1383824205    -0.1014881226    
973.0000000000    0.0000000008    -0.0000000011    0.1359919714    -0.1008181743    
974.0000000000    0.0000000005    -0.0000000012    0.1329794068    -0.1003325641    
975.0000000000    0.0000000008    -0.0000000009    0.1311689899    -0.0996721624    
976.0000000000    0.0000000006    -0.0000000008    0.1286284154    -0.0992326717    
977.0000000000    0.0000000007    -0.0000000011    0.1264551260    -0.0985710837    
978.0000000000    0.0000000005    -0.0000000010    0.1239015833    -0.0982330156    
979.0000000000    0.0000000007    -0.0000000013    0.1218139613    -0.0979009357    
980.0000000000    0.0000000008    -0.0000000011    0.1197499319    -0.0972332930    
981.0000000000    0.0000000005    -0.0000000011    0.1171033838    -0.0965252483    
982.0000000000    0.0000000009    -0.0000000012    0.1148532845    -0.0964097030    
983.0000000000    0.0000000007    -0.0000000011    0.1122442697    -0.0955929770    
984.0000000000    0.0000000008    -0.0000000009    0.1097279379    -0.0945399380    
985.0000000000    0.0000000007    -0.0000000010    0.1073240840    -0.0937109491    
986.0000000000    0.0000000009    -0.0000000009    0.1051477228    -0.0930028824    
987.0000000000    0.0000000006    -0.0000000011    0.1033262099    -0.0932155013    
988.0000000000    0.0000000006    -0.0000000011    0.1011757201    -0.0924882007    
989.0000000000    0.0000000008    -0.0000000010    0.0986910159    -0.0921091227    
990.0000000000    0.0000000007    -0.0000000010    0.0964098712    -0.0913117657    
991.0000000000    0.0000000008    -0.0000000013    0.0941923067    -0.0905770585    
992.0000000000    0.0000000007    -0.0000000010    0.0916469112    -0.0896200651    
993.0000000000    0.0000000006    -0.0000000009    0.0894086205    -0.0892586606    
994.0000000000    0.0000000007    -0.0000000011    0.0867239774    -0.0885198637    
995.0000000000    0.0000000005    -0.0000000010    0.0846948831    -0.0875199482    
996.0000000000    0.0000000008    -0.0000000012    0.0824025894    -0.0870814880    
997.0000000000    0.0000000008    -0.0000000011    0.0792512760    -0.0863444100    
998.0000000000    0.0000000007    -0.0000000009    0.0767734045    -0.0853014005    
999.0000000000    0.0000000006    -0.0000000012    0.0745401829    -0.0847591325    
1000.0000000000    0.0000000007    -0.0000000011    0.0726124221    -0.0842857556    
